6773 $PQFLP,W,1,0*21
$GPRMC,235942.800,V,,,,,0.00,0.00,050180,,,N*42

2798 $GPRMC,235943.800,V,,,,,0.00,0.00,050180,,,N*43
$GPGGA,235943.800,,,,,0,0,,,M,,M,,*4A

3798 $GPRMC,235944.799,V,,,,,0.00,0.00,050180,,,N*4B
$GPGGA,235944.799,,,,,0,0,,,M,,M,,*42

4796 $GPRMC,235945.799,V,,,,,0.00,0.00,050180,,,N*4A
$GPGGA,235945.799,,,,,0,0,,,M,,M,,*43

---TICK-TAG---
***START MEMORY***
UVs: 253, TOs: 0/0, ErrorsOrGF: 1, TTFF: 74
Fixes: 2113, Avg. time to fix: 0 s, Avg. HDOP (x10): 10

count,timestamp,lat,lon
1,1645631752,47.74333,8.99870
2,1645631757,47.74339,8.99869
3,1645631762,47.74341,8.99867
4,1645631767,47.74342,8.99865
5,1645631772,47.74342,8.99863
6,1645631777,47.74341,8.99862
7,1645631782,47.74331,8.99801
8,1645631787,47.74327,8.99803
9,1645631792,47.74305,8.99837
10,1645631797,47.74295,8.99854
11,1645631802,47.74293,8.99859
12,1645631807,47.74292,8.99860
13,1645631812,47.74292,8.99861
14,1645631817,47.74292,8.99862
15,1645631822,47.74292,8.99864
16,1645631827,47.74292,8.99866
17,1645631832,47.74293,8.99867
18,1645631837,47.74294,8.99870
19,1645631842,47.74295,8.99874
20,1645631847,47.74297,8.99878
21,1645631852,47.74297,8.99882
22,1645631857,47.74298,8.99888
23,1645631862,47.74299,8.99890
24,1645631867,47.74299,8.99894
25,1645631872,47.74300,8.99897
26,1645631877,47.74301,8.99899
27,1645631882,47.74302,8.99900
28,1645631887,47.74303,8.99901
29,1645631892,47.74303,8.99902
30,1645631897,47.74303,8.99901
31,1645631902,47.74304,8.99902
32,1645631907,47.74304,8.99902
33,1645631912,47.74305,8.99903
34,1645631917,47.74305,8.99903
35,1645631922,47.74305,8.99903
36,1645631927,47.74305,8.99903
37,1645631932,47.74305,8.99903
38,1645631937,47.74305,8.99903
39,1645631942,47.74305,8.99902
40,1645631947,47.74305,8.99902
41,1645631952,47.74305,8.99901
42,1645631957,47.74305,8.99901
43,1645631962,47.74305,8.99900
44,1645631967,47.74305,8.99901
45,1645631972,47.74305,8.99899
46,1645631977,47.74305,8.99899
47,1645631982,47.74304,8.99900
48,1645631987,47.74304,8.99900
49,1645631992,47.74304,8.99900
50,1645631997,47.74303,8.99900
51,1645632002,47.74303,8.99900
52,1645632007,47.74302,8.99900
53,1645632012,47.74302,8.99900
54,1645632017,47.74302,8.99900
55,1645632022,47.74301,8.99901
56,1645632027,47.74301,8.99902
57,1645632032,47.74301,8.99902
58,1645632037,47.74302,8.99903
59,1645632042,47.74302,8.99904
60,1645632047,47.74303,8.99904
61,1645632052,47.74303,8.99905
62,1645632057,47.74303,8.99905
63,1645632062,47.74303,8.99906
64,1645632067,47.74303,8.99907
65,1645632072,47.74303,8.99907
66,1645632077,47.74303,8.99907
67,1645632082,47.74303,8.99907
68,1645632087,47.74303,8.99907
69,1645632092,47.74303,8.99907
70,1645632097,47.74303,8.99907
71,1645632102,47.74303,8.99907
72,1645632107,47.74303,8.99907
73,1645632112,47.74302,8.99907
74,1645632117,47.74302,8.99907
75,1645632122,47.74302,8.99908
76,1645632127,47.74302,8.99908
77,1645632132,47.74303,8.99907
78,1645632137,47.74303,8.99907
79,1645632142,47.74303,8.99906
80,1645632147,47.74303,8.99906
81,1645632152,47.74303,8.99905
82,1645632157,47.74303,8.99905
83,1645632162,47.74302,8.99904
84,1645632167,47.74302,8.99904
85,1645632172,47.74302,8.99905
86,1645632177,47.74302,8.99904
87,1645632182,47.74302,8.99904
88,1645632187,47.74302,8.99904
89,1645632192,47.74302,8.99903
90,1645632197,47.74302,8.99903
91,1645632202,47.74302,8.99902
92,1645632207,47.74301,8.99901
93,1645632212,47.74301,8.99900
94,1645632217,47.74300,8.99898
95,1645632222,47.74299,8.99895
96,1645632227,47.74298,8.99892
97,1645632232,47.74298,8.99891
98,1645632237,47.74298,8.99891
99,1645632242,47.74298,8.99890
100,1645632247,47.74298,8.99890
101,1645632252,47.74298,8.99890
102,1645632257,47.74297,8.99890
103,1645632262,47.74298,8.99890
104,1645632267,47.74298,8.99890
105,1645632272,47.74298,8.99890
106,1645632277,47.74298,8.99890
107,1645632282,47.74298,8.99890
108,1645632287,47.74298,8.99890
109,1645632292,47.74299,8.99890
110,1645632297,47.74299,8.99891
111,1645632302,47.74299,8.99890
112,1645632307,47.74299,8.99891
113,1645632312,47.74299,8.99892
114,1645632317,47.74299,8.99892
115,1645632322,47.74299,8.99891
116,1645632327,47.74299,8.99891
117,1645632332,47.74300,8.99892
118,1645632337,47.74300,8.99891
119,1645632342,47.74300,8.99890
120,1645632347,47.74300,8.99889
121,1645632352,47.74300,8.99889
122,1645632357,47.74300,8.99888
123,1645632362,47.74301,8.99888
124,1645632367,47.74301,8.99888
125,1645632372,47.74301,8.99888
126,1645632377,47.74301,8.99888
127,1645632382,47.74301,8.99888
128,1645632387,47.74301,8.99888
129,1645632392,47.74301,8.99887
130,1645632397,47.74301,8.99887
131,1645632402,47.74301,8.99888
132,1645632407,47.74302,8.99888
133,1645632412,47.74302,8.99888
134,1645632417,47.74302,8.99888
135,1645632422,47.74302,8.99888
136,1645632427,47.74302,8.99887
137,1645632432,47.74301,8.99887
138,1645632437,47.74300,8.99886
139,1645632442,47.74300,8.99886
140,1645632447,47.74299,8.99885
141,1645632452,47.74299,8.99885
142,1645632457,47.74299,8.99885
143,1645632462,47.74299,8.99884
144,1645632467,47.74299,8.99884
145,1645632472,47.74299,8.99884
146,1645632477,47.74299,8.99884
147,1645632482,47.74300,8.99884
148,1645632487,47.74299,8.99883
149,1645632492,47.74299,8.99882
150,1645632497,47.74299,8.99882
151,1645632502,47.74300,8.99883
152,1645632507,47.74300,8.99883
153,1645632512,47.74300,8.99883
154,1645632517,47.74300,8.99883
155,1645632522,47.74300,8.99883
156,1645632527,47.74301,8.99883
157,1645632532,47.74301,8.99884
158,1645632537,47.74302,8.99885
159,1645632542,47.74302,8.99885
160,1645632547,47.74302,8.99885
161,1645632552,47.74302,8.99885
162,1645632557,47.74302,8.99886
163,1645632562,47.74303,8.99887
164,1645632567,47.74302,8.99887
165,1645632572,47.74302,8.99886
166,1645632577,47.74302,8.99885
167,1645632582,47.74301,8.99884
168,1645632587,47.74300,8.99883
169,1645632592,47.74300,8.99883
170,1645632597,47.74300,8.99883
171,1645632602,47.74300,8.99882
172,1645632607,47.74300,8.99882
173,1645632612,47.74299,8.99882
174,1645632617,47.74299,8.99882
175,1645632622,47.74300,8.99882
176,1645632627,47.74300,8.99884
177,1645632632,47.74302,8.99887
178,1645632637,47.74302,8.99887
179,1645632642,47.74302,8.99888
180,1645632647,47.74304,8.99889
181,1645632652,47.74304,8.99890
182,1645632657,47.74305,8.99890
183,1645632662,47.74306,8.99891
184,1645632667,47.74306,8.99891
185,1645632672,47.74306,8.99891
186,1645632677,47.74306,8.99891
187,1645632682,47.74307,8.99891
188,1645632687,47.74307,8.99892
189,1645632692,47.74307,8.99893
190,1645632697,47.74307,8.99894
191,1645632702,47.74307,8.99894
192,1645632707,47.74307,8.99894
193,1645632712,47.74307,8.99894
194,1645632717,47.74307,8.99894
195,1645632722,47.74306,8.99894
196,1645632727,47.74306,8.99895
197,1645632732,47.74306,8.99895
198,1645632737,47.74306,8.99896
199,1645632742,47.74305,8.99896
200,1645632747,47.74305,8.99897
201,1645632752,47.74304,8.99897
202,1645632757,47.74304,8.99897
203,1645632762,47.74304,8.99898
204,1645632767,47.74304,8.99899
205,1645632772,47.74304,8.99901
206,1645632777,47.74304,8.99901
207,1645632782,47.74304,8.99901
208,1645632787,47.74304,8.99902
209,1645632792,47.74303,8.99902
210,1645632797,47.74303,8.99903
211,1645632802,47.74304,8.99904
212,1645632807,47.74304,8.99905
213,1645632812,47.74304,8.99905
214,1645632817,47.74304,8.99906
215,1645632822,47.74304,8.99906
216,1645632827,47.74304,8.99906
217,1645632832,47.74305,8.99905
218,1645632837,47.74305,8.99905
219,1645632842,47.74305,8.99905
220,1645632847,47.74305,8.99905
221,1645632852,47.74305,8.99905
222,1645632857,47.74305,8.99905
223,1645632862,47.74305,8.99905
224,1645632867,47.74305,8.99905
225,1645632872,47.74303,8.99905
226,1645632877,47.74303,8.99905
227,1645632882,47.74302,8.99905
228,1645632887,47.74301,8.99905
229,1645632892,47.74301,8.99904
230,1645632897,47.74301,8.99903
231,1645632902,47.74302,8.99902
232,1645632907,47.74302,8.99902
233,1645632912,47.74302,8.99902
234,1645632917,47.74302,8.99902
235,1645632922,47.74302,8.99902
236,1645632927,47.74301,8.99902
237,1645632932,47.74301,8.99902
238,1645632937,47.74301,8.99902
239,1645632942,47.74302,8.99902
240,1645632947,47.74302,8.99902
241,1645632952,47.74302,8.99902
242,1645632957,47.74302,8.99902
243,1645632962,47.74302,8.99902
244,1645632967,47.74302,8.99902
245,1645632972,47.74302,8.99902
246,1645632977,47.74301,8.99901
247,1645632982,47.74301,8.99901
248,1645632987,47.74301,8.99901
249,1645632992,47.74301,8.99902
250,1645632997,47.74301,8.99902
251,1645633002,47.74301,8.99901
252,1645633007,47.74301,8.99901
253,1645633012,47.74301,8.99900
254,1645633017,47.74300,8.99899
255,1645633022,47.74301,8.99898
256,1645633027,47.74301,8.99898
257,1645633032,47.74301,8.99898
258,1645633037,47.74301,8.99898
259,1645633042,47.74301,8.99898
260,1645633047,47.74301,8.99898
261,1645633052,47.74300,8.99898
262,1645633057,47.74300,8.99898
263,1645633062,47.74300,8.99898
264,1645633067,47.74300,8.99898
265,1645633072,47.74300,8.99898
266,1645633077,47.74300,8.99898
267,1645633082,47.74300,8.99898
268,1645633087,47.74300,8.99897
269,1645633092,47.74300,8.99896
270,1645633097,47.74300,8.99896
271,1645633102,47.74301,8.99895
272,1645633107,47.74301,8.99895
273,1645633112,47.74300,8.99895
274,1645633117,47.74300,8.99895
275,1645633122,47.74300,8.99896
276,1645633127,47.74300,8.99896
277,1645633132,47.74299,8.99897
278,1645633137,47.74299,8.99897
279,1645633142,47.74299,8.99896
280,1645633147,47.74299,8.99897
281,1645633152,47.74299,8.99897
282,1645633157,47.74299,8.99897
283,1645633162,47.74299,8.99897
284,1645633167,47.74299,8.99897
285,1645633172,47.74299,8.99897
286,1645633177,47.74300,8.99897
287,1645633182,47.74300,8.99898
288,1645633187,47.74300,8.99897
289,1645633192,47.74300,8.99897
290,1645633197,47.74300,8.99897
291,1645633202,47.74300,8.99897
292,1645633207,47.74300,8.99897
293,1645633212,47.74300,8.99897
294,1645633217,47.74300,8.99897
295,1645633222,47.74299,8.99898
296,1645633227,47.74299,8.99898
297,1645633232,47.74299,8.99899
298,1645633237,47.74300,8.99899
299,1645633242,47.74300,8.99899
300,1645633247,47.74300,8.99899
301,1645633252,47.74300,8.99899
302,1645633257,47.74300,8.99899
303,1645633262,47.74300,8.99899
304,1645633267,47.74300,8.99899
305,1645633272,47.74300,8.99899
306,1645633277,47.74299,8.99899
307,1645633282,47.74299,8.99899
308,1645633287,47.74299,8.99898
309,1645633292,47.74299,8.99897
310,1645633297,47.74299,8.99897
311,1645633302,47.74299,8.99897
312,1645633307,47.74299,8.99897
313,1645633312,47.74299,8.99897
314,1645633317,47.74299,8.99897
315,1645633322,47.74298,8.99896
316,1645633327,47.74300,8.99898
317,1645633332,47.74300,8.99898
318,1645633337,47.74300,8.99898
319,1645633342,47.74300,8.99898
320,1645633347,47.74301,8.99897
321,1645633352,47.74301,8.99897
322,1645633357,47.74301,8.99897
323,1645633362,47.74301,8.99897
324,1645633367,47.74301,8.99897
325,1645633372,47.74302,8.99896
326,1645633377,47.74302,8.99896
327,1645633382,47.74302,8.99896
328,1645633387,47.74302,8.99896
329,1645633392,47.74302,8.99895
330,1645633397,47.74302,8.99897
331,1645633402,47.74302,8.99897
332,1645633407,47.74303,8.99897
333,1645633412,47.74302,8.99897
334,1645633417,47.74302,8.99897
335,1645633422,47.74302,8.99896
336,1645633427,47.74303,8.99896
337,1645633432,47.74303,8.99897
338,1645633437,47.74304,8.99896
339,1645633442,47.74305,8.99896
340,1645633447,47.74305,8.99896
341,1645633452,47.74305,8.99896
342,1645633457,47.74305,8.99895
343,1645633462,47.74305,8.99895
344,1645633467,47.74305,8.99895
345,1645633472,47.74305,8.99895
346,1645633477,47.74305,8.99895
347,1645633482,47.74305,8.99895
348,1645633487,47.74305,8.99895
349,1645633492,47.74305,8.99895
350,1645633497,47.74305,8.99895
351,1645633502,47.74305,8.99895
352,1645633507,47.74305,8.99895
353,1645633512,47.74305,8.99895
354,1645633517,47.74306,8.99895
355,1645633522,47.74306,8.99896
356,1645633527,47.74306,8.99896
357,1645633532,47.74306,8.99896
358,1645633537,47.74307,8.99896
359,1645633542,47.74307,8.99896
360,1645633547,47.74307,8.99896
361,1645633552,47.74307,8.99896
362,1645633557,47.74307,8.99896
363,1645633562,47.74307,8.99896
364,1645633567,47.74307,8.99896
365,1645633572,47.74307,8.99896
366,1645633577,47.74307,8.99896
367,1645633582,47.74306,8.99896
368,1645633587,47.74306,8.99896
369,1645633592,47.74305,8.99895
370,1645633597,47.74305,8.99895
371,1645633602,47.74304,8.99895
372,1645633607,47.74304,8.99895
373,1645633612,47.74304,8.99894
374,1645633617,47.74303,8.99894
375,1645633622,47.74303,8.99894
376,1645633627,47.74303,8.99893
377,1645633632,47.74303,8.99893
378,1645633637,47.74303,8.99893
379,1645633642,47.74303,8.99893
380,1645633647,47.74304,8.99893
381,1645633652,47.74304,8.99892
382,1645633657,47.74304,8.99892
383,1645633662,47.74304,8.99893
384,1645633667,47.74304,8.99893
385,1645633672,47.74305,8.99893
386,1645633677,47.74306,8.99894
387,1645633682,47.74306,8.99894
388,1645633687,47.74306,8.99894
389,1645633692,47.74306,8.99894
390,1645633697,47.74305,8.99894
391,1645633702,47.74306,8.99894
392,1645633707,47.74306,8.99894
393,1645633712,47.74306,8.99893
394,1645633717,47.74306,8.99893
395,1645633722,47.74306,8.99893
396,1645633727,47.74306,8.99893
397,1645633732,47.74306,8.99893
398,1645633737,47.74306,8.99893
399,1645633742,47.74306,8.99893
400,1645633747,47.74306,8.99893
401,1645633752,47.74306,8.99892
402,1645633757,47.74307,8.99892
403,1645633762,47.74307,8.99892
404,1645633767,47.74306,8.99892
405,1645633772,47.74306,8.99892
406,1645633777,47.74306,8.99892
407,1645633782,47.74307,8.99892
408,1645633787,47.74307,8.99892
409,1645633792,47.74307,8.99893
410,1645633797,47.74307,8.99895
411,1645633802,47.74307,8.99895
412,1645633807,47.74307,8.99895
413,1645633812,47.74306,8.99895
414,1645633817,47.74306,8.99894
415,1645633822,47.74306,8.99894
416,1645633827,47.74306,8.99894
417,1645633832,47.74306,8.99894
418,1645633837,47.74307,8.99894
419,1645633842,47.74306,8.99894
420,1645633847,47.74306,8.99894
421,1645633852,47.74306,8.99894
422,1645633857,47.74306,8.99894
423,1645633862,47.74306,8.99894
424,1645633867,47.74307,8.99894
425,1645633872,47.74307,8.99893
426,1645633877,47.74307,8.99893
427,1645633882,47.74307,8.99893
428,1645633887,47.74307,8.99893
429,1645633892,47.74307,8.99893
430,1645633897,47.74307,8.99892
431,1645633902,47.74306,8.99892
432,1645633907,47.74306,8.99892
433,1645633912,47.74306,8.99892
434,1645633917,47.74307,8.99892
435,1645633922,47.74306,8.99892
436,1645633927,47.74306,8.99892
437,1645633932,47.74306,8.99892
438,1645633937,47.74306,8.99891
439,1645633942,47.74306,8.99891
440,1645633947,47.74306,8.99890
441,1645633952,47.74305,8.99890
442,1645633957,47.74306,8.99890
443,1645633962,47.74305,8.99890
444,1645633967,47.74306,8.99890
445,1645633972,47.74306,8.99890
446,1645633977,47.74306,8.99891
447,1645633982,47.74306,8.99890
448,1645633987,47.74306,8.99890
449,1645633992,47.74305,8.99890
450,1645633997,47.74306,8.99890
451,1645634002,47.74307,8.99891
452,1645634007,47.74307,8.99891
453,1645634012,47.74307,8.99891
454,1645634017,47.74307,8.99891
455,1645634022,47.74308,8.99891
456,1645634027,47.74308,8.99891
457,1645634032,47.74308,8.99890
458,1645634037,47.74308,8.99891
459,1645634042,47.74308,8.99890
460,1645634047,47.74308,8.99890
461,1645634052,47.74308,8.99890
462,1645634057,47.74308,8.99891
463,1645634062,47.74308,8.99891
464,1645634067,47.74309,8.99891
465,1645634072,47.74309,8.99891
466,1645634077,47.74309,8.99891
467,1645634082,47.74309,8.99891
468,1645634087,47.74309,8.99891
469,1645634092,47.74310,8.99891
470,1645634097,47.74309,8.99891
471,1645634102,47.74309,8.99892
472,1645634107,47.74308,8.99892
473,1645634112,47.74308,8.99892
474,1645634117,47.74308,8.99892
475,1645634122,47.74308,8.99892
476,1645634127,47.74307,8.99892
477,1645634132,47.74307,8.99892
478,1645634137,47.74307,8.99893
479,1645634142,47.74308,8.99893
480,1645634147,47.74308,8.99893
481,1645634152,47.74308,8.99893
482,1645634157,47.74307,8.99892
483,1645634162,47.74308,8.99892
484,1645634167,47.74308,8.99893
485,1645634172,47.74308,8.99893
486,1645634177,47.74308,8.99893
487,1645634182,47.74308,8.99893
488,1645634187,47.74308,8.99893
489,1645634192,47.74308,8.99893
490,1645634197,47.74308,8.99892
491,1645634202,47.74308,8.99891
492,1645634207,47.74308,8.99891
493,1645634212,47.74308,8.99890
494,1645634217,47.74307,8.99890
495,1645634222,47.74308,8.99890
496,1645634227,47.74308,8.99889
497,1645634232,47.74308,8.99890
498,1645634237,47.74308,8.99890
499,1645634242,47.74308,8.99890
500,1645634247,47.74308,8.99890
501,1645634252,47.74308,8.99891
502,1645634257,47.74308,8.99891
503,1645634262,47.74308,8.99892
504,1645634267,47.74308,8.99893
505,1645634272,47.74308,8.99893
506,1645634277,47.74309,8.99894
507,1645634282,47.74309,8.99894
508,1645634287,47.74309,8.99894
509,1645634292,47.74309,8.99894
510,1645634297,47.74309,8.99894
511,1645634302,47.74308,8.99894
512,1645634307,47.74308,8.99895
513,1645634312,47.74308,8.99894
514,1645634317,47.74308,8.99894
515,1645634322,47.74308,8.99894
516,1645634327,47.74308,8.99894
517,1645634332,47.74308,8.99894
518,1645634337,47.74307,8.99894
519,1645634342,47.74307,8.99895
520,1645634347,47.74307,8.99895
521,1645634352,47.74306,8.99895
522,1645634357,47.74306,8.99895
523,1645634362,47.74306,8.99895
524,1645634367,47.74305,8.99896
525,1645634372,47.74304,8.99896
526,1645634377,47.74304,8.99897
527,1645634382,47.74303,8.99897
528,1645634387,47.74303,8.99897
529,1645634392,47.74302,8.99898
530,1645634397,47.74302,8.99898
531,1645634402,47.74302,8.99898
532,1645634407,47.74301,8.99899
533,1645634412,47.74300,8.99900
534,1645634417,47.74300,8.99900
535,1645634422,47.74300,8.99900
536,1645634427,47.74300,8.99900
537,1645634432,47.74300,8.99900
538,1645634437,47.74299,8.99900
539,1645634442,47.74299,8.99900
540,1645634447,47.74299,8.99900
541,1645634452,47.74300,8.99900
542,1645634457,47.74300,8.99900
543,1645634462,47.74301,8.99901
544,1645634467,47.74301,8.99901
545,1645634472,47.74302,8.99901
546,1645634477,47.74301,8.99900
547,1645634482,47.74301,8.99900
548,1645634487,47.74301,8.99900
549,1645634492,47.74301,8.99901
550,1645634497,47.74301,8.99901
551,1645634502,47.74300,8.99901
552,1645634507,47.74300,8.99901
553,1645634512,47.74300,8.99901
554,1645634517,47.74300,8.99901
555,1645634522,47.74300,8.99901
556,1645634527,47.74299,8.99901
557,1645634532,47.74299,8.99901
558,1645634537,47.74299,8.99901
559,1645634542,47.74298,8.99901
560,1645634547,47.74298,8.99901
561,1645634552,47.74298,8.99902
562,1645634557,47.74298,8.99902
563,1645634562,47.74298,8.99902
564,1645634567,47.74298,8.99902
565,1645634572,47.74298,8.99901
566,1645634577,47.74299,8.99901
567,1645634582,47.74299,8.99901
568,1645634587,47.74299,8.99901
569,1645634592,47.74299,8.99901
570,1645634597,47.74299,8.99901
571,1645634602,47.74300,8.99901
572,1645634607,47.74301,8.99900
573,1645634612,47.74301,8.99900
574,1645634617,47.74302,8.99900
575,1645634622,47.74301,8.99900
576,1645634627,47.74302,8.99900
577,1645634632,47.74302,8.99900
578,1645634637,47.74302,8.99901
579,1645634642,47.74302,8.99901
580,1645634647,47.74302,8.99901
581,1645634652,47.74303,8.99901
582,1645634657,47.74303,8.99901
583,1645634662,47.74303,8.99901
584,1645634667,47.74303,8.99901
585,1645634672,47.74303,8.99901
586,1645634677,47.74303,8.99901
587,1645634682,47.74303,8.99901
588,1645634687,47.74302,8.99900
589,1645634692,47.74302,8.99900
590,1645634697,47.74302,8.99900
591,1645634702,47.74302,8.99900
592,1645634707,47.74301,8.99901
593,1645634712,47.74301,8.99901
594,1645634717,47.74301,8.99900
595,1645634722,47.74301,8.99900
596,1645634727,47.74300,8.99900
597,1645634732,47.74300,8.99900
598,1645634737,47.74300,8.99900
599,1645634742,47.74300,8.99900
600,1645634747,47.74300,8.99900
601,1645634752,47.74301,8.99900
602,1645634757,47.74301,8.99899
603,1645634762,47.74301,8.99899
604,1645634767,47.74302,8.99899
605,1645634772,47.74302,8.99899
606,1645634777,47.74302,8.99899
607,1645634782,47.74302,8.99899
608,1645634787,47.74302,8.99900
609,1645634792,47.74303,8.99899
610,1645634797,47.74303,8.99900
611,1645634802,47.74303,8.99900
612,1645634807,47.74303,8.99900
613,1645634812,47.74303,8.99900
614,1645634817,47.74304,8.99900
615,1645634822,47.74304,8.99900
616,1645634827,47.74304,8.99899
617,1645634832,47.74304,8.99899
618,1645634837,47.74303,8.99898
619,1645634842,47.74303,8.99898
620,1645634847,47.74304,8.99898
621,1645634852,47.74304,8.99898
622,1645634857,47.74304,8.99897
623,1645634862,47.74304,8.99897
624,1645634867,47.74305,8.99897
625,1645634872,47.74305,8.99897
626,1645634877,47.74304,8.99898
627,1645634882,47.74304,8.99898
628,1645634887,47.74304,8.99898
629,1645634892,47.74303,8.99899
630,1645634897,47.74303,8.99899
631,1645634902,47.74303,8.99899
632,1645634907,47.74303,8.99899
633,1645634912,47.74304,8.99899
634,1645634917,47.74304,8.99898
635,1645634922,47.74305,8.99898
636,1645634927,47.74305,8.99897
637,1645634932,47.74306,8.99897
638,1645634937,47.74306,8.99896
639,1645634942,47.74307,8.99896
640,1645634947,47.74307,8.99896
641,1645634952,47.74307,8.99896
642,1645634957,47.74307,8.99896
643,1645634962,47.74307,8.99896
644,1645634967,47.74307,8.99897
645,1645634972,47.74306,8.99896
646,1645634977,47.74307,8.99897
647,1645634982,47.74307,8.99896
648,1645634987,47.74307,8.99896
649,1645634992,47.74307,8.99897
650,1645634997,47.74307,8.99896
651,1645635002,47.74308,8.99896
652,1645635007,47.74308,8.99896
653,1645635012,47.74308,8.99895
654,1645635017,47.74309,8.99895
655,1645635022,47.74310,8.99894
656,1645635027,47.74310,8.99894
657,1645635032,47.74310,8.99894
658,1645635037,47.74310,8.99894
659,1645635042,47.74309,8.99895
660,1645635047,47.74309,8.99895
661,1645635052,47.74309,8.99895
662,1645635057,47.74309,8.99895
663,1645635062,47.74308,8.99895
664,1645635067,47.74308,8.99895
665,1645635072,47.74308,8.99895
666,1645635077,47.74308,8.99895
667,1645635082,47.74307,8.99896
668,1645635087,47.74307,8.99896
669,1645635092,47.74307,8.99896
670,1645635097,47.74306,8.99896
671,1645635102,47.74305,8.99896
672,1645635107,47.74305,8.99897
673,1645635112,47.74305,8.99897
674,1645635117,47.74305,8.99897
675,1645635122,47.74303,8.99899
676,1645635127,47.74302,8.99898
677,1645635132,47.74302,8.99898
678,1645635137,47.74302,8.99898
679,1645635142,47.74302,8.99898
680,1645635147,47.74301,8.99899
681,1645635152,47.74302,8.99898
682,1645635157,47.74302,8.99899
683,1645635162,47.74302,8.99899
684,1645635167,47.74302,8.99899
685,1645635172,47.74302,8.99899
686,1645635177,47.74302,8.99899
687,1645635182,47.74302,8.99899
688,1645635187,47.74303,8.99898
689,1645635192,47.74303,8.99898
690,1645635197,47.74304,8.99897
691,1645635202,47.74304,8.99897
692,1645635207,47.74304,8.99897
693,1645635212,47.74304,8.99897
694,1645635217,47.74304,8.99897
695,1645635222,47.74304,8.99897
696,1645635227,47.74304,8.99897
697,1645635232,47.74305,8.99897
698,1645635237,47.74305,8.99897
699,1645635242,47.74305,8.99897
700,1645635247,47.74306,8.99896
701,1645635252,47.74306,8.99896
702,1645635257,47.74307,8.99896
703,1645635262,47.74307,8.99896
704,1645635267,47.74307,8.99896
705,1645635272,47.74307,8.99896
706,1645635277,47.74306,8.99897
707,1645635282,47.74306,8.99896
708,1645635287,47.74306,8.99896
709,1645635292,47.74306,8.99897
710,1645635297,47.74306,8.99897
711,1645635302,47.74305,8.99897
712,1645635307,47.74304,8.99898
713,1645635312,47.74305,8.99898
714,1645635317,47.74305,8.99898
715,1645635322,47.74305,8.99898
716,1645635327,47.74305,8.99898
717,1645635332,47.74305,8.99898
718,1645635337,47.74305,8.99898
719,1645635342,47.74305,8.99899
720,1645635347,47.74304,8.99899
721,1645635352,47.74304,8.99899
722,1645635357,47.74304,8.99899
723,1645635362,47.74304,8.99899
724,1645635367,47.74304,8.99898
725,1645635372,47.74305,8.99898
726,1645635377,47.74305,8.99898
727,1645635382,47.74305,8.99897
728,1645635387,47.74305,8.99897
729,1645635392,47.74305,8.99897
730,1645635397,47.74305,8.99897
731,1645635402,47.74305,8.99897
732,1645635407,47.74306,8.99897
733,1645635412,47.74305,8.99896
734,1645635417,47.74305,8.99896
735,1645635422,47.74305,8.99897
736,1645635427,47.74305,8.99897
737,1645635432,47.74305,8.99897
738,1645635437,47.74305,8.99897
739,1645635442,47.74305,8.99897
740,1645635447,47.74305,8.99898
741,1645635452,47.74304,8.99899
742,1645635457,47.74304,8.99899
743,1645635462,47.74304,8.99898
744,1645635467,47.74303,8.99899
745,1645635472,47.74303,8.99899
746,1645635477,47.74302,8.99899
747,1645635482,47.74302,8.99899
748,1645635487,47.74302,8.99899
749,1645635492,47.74301,8.99899
750,1645635497,47.74301,8.99899
751,1645635502,47.74301,8.99899
752,1645635507,47.74301,8.99899
753,1645635512,47.74301,8.99899
754,1645635517,47.74301,8.99899
755,1645635522,47.74302,8.99898
756,1645635527,47.74302,8.99898
757,1645635532,47.74302,8.99898
758,1645635537,47.74302,8.99898
759,1645635542,47.74302,8.99898
760,1645635547,47.74302,8.99897
761,1645635552,47.74302,8.99897
762,1645635557,47.74303,8.99897
763,1645635562,47.74304,8.99896
764,1645635567,47.74304,8.99896
765,1645635572,47.74304,8.99896
766,1645635577,47.74304,8.99897
767,1645635582,47.74305,8.99897
768,1645635587,47.74305,8.99897
769,1645635592,47.74306,8.99897
770,1645635597,47.74306,8.99897
771,1645635602,47.74306,8.99898
772,1645635607,47.74307,8.99898
773,1645635612,47.74307,8.99898
774,1645635617,47.74307,8.99898
775,1645635622,47.74307,8.99898
776,1645635627,47.74306,8.99899
777,1645635632,47.74306,8.99899
778,1645635637,47.74307,8.99899
779,1645635642,47.74307,8.99899
780,1645635647,47.74307,8.99899
781,1645635652,47.74307,8.99899
782,1645635657,47.74307,8.99899
783,1645635662,47.74307,8.99899
784,1645635667,47.74307,8.99899
785,1645635672,47.74307,8.99899
786,1645635677,47.74307,8.99899
787,1645635682,47.74307,8.99899
788,1645635687,47.74307,8.99899
789,1645635692,47.74307,8.99899
790,1645635697,47.74307,8.99899
791,1645635702,47.74307,8.99899
792,1645635707,47.74307,8.99899
793,1645635712,47.74307,8.99899
794,1645635717,47.74307,8.99899
795,1645635722,47.74307,8.99899
796,1645635727,47.74307,8.99899
797,1645635732,47.74307,8.99900
798,1645635737,47.74307,8.99900
799,1645635742,47.74307,8.99900
800,1645635747,47.74307,8.99900
801,1645635752,47.74307,8.99900
802,1645635757,47.74306,8.99900
803,1645635762,47.74306,8.99900
804,1645635767,47.74306,8.99900
805,1645635772,47.74306,8.99900
806,1645635777,47.74306,8.99900
807,1645635782,47.74306,8.99900
808,1645635787,47.74306,8.99900
809,1645635792,47.74306,8.99900
810,1645635797,47.74306,8.99900
811,1645635802,47.74306,8.99900
812,1645635807,47.74306,8.99900
813,1645635812,47.74306,8.99900
814,1645635817,47.74306,8.99900
815,1645635822,47.74306,8.99900
816,1645635827,47.74306,8.99900
817,1645635832,47.74306,8.99900
818,1645635837,47.74306,8.99900
819,1645635842,47.74306,8.99900
820,1645635847,47.74306,8.99900
821,1645635852,47.74306,8.99901
822,1645635857,47.74306,8.99901
823,1645635862,47.74306,8.99901
824,1645635867,47.74305,8.99900
825,1645635872,47.74305,8.99900
826,1645635877,47.74305,8.99900
827,1645635882,47.74305,8.99900
828,1645635887,47.74305,8.99900
829,1645635892,47.74305,8.99900
830,1645635897,47.74305,8.99900
831,1645635902,47.74305,8.99900
832,1645635907,47.74305,8.99900
833,1645635912,47.74305,8.99900
834,1645635917,47.74305,8.99900
835,1645635922,47.74305,8.99900
836,1645635927,47.74305,8.99900
837,1645635932,47.74305,8.99900
838,1645635937,47.74305,8.99900
839,1645635942,47.74305,8.99900
840,1645635947,47.74305,8.99900
841,1645635952,47.74305,8.99900
842,1645635957,47.74305,8.99900
843,1645635962,47.74305,8.99900
844,1645635967,47.74305,8.99900
845,1645635972,47.74305,8.99900
846,1645635977,47.74305,8.99900
847,1645635982,47.74305,8.99900
848,1645635987,47.74305,8.99900
849,1645635992,47.74305,8.99900
850,1645635997,47.74305,8.99900
851,1645636002,47.74305,8.99900
852,1645636007,47.74305,8.99900
853,1645636012,47.74305,8.99900
854,1645636017,47.74305,8.99900
855,1645636022,47.74305,8.99900
856,1645636027,47.74305,8.99900
857,1645636032,47.74305,8.99900
858,1645636037,47.74305,8.99900
859,1645636042,47.74305,8.99900
860,1645636047,47.74305,8.99900
861,1645636052,47.74305,8.99900
862,1645636057,47.74305,8.99900
863,1645636062,47.74305,8.99900
864,1645636067,47.74305,8.99900
865,1645636072,47.74305,8.99900
866,1645636077,47.74305,8.99900
867,1645636082,47.74305,8.99900
868,1645636087,47.74305,8.99900
869,1645636092,47.74305,8.99900
870,1645636097,47.74305,8.99900
871,1645636102,47.74305,8.99900
872,1645636107,47.74305,8.99900
873,1645636112,47.74305,8.99900
874,1645636117,47.74305,8.99900
875,1645636122,47.74305,8.99900
876,1645636127,47.74305,8.99900
877,1645636132,47.74305,8.99900
878,1645636137,47.74305,8.99900
879,1645636142,47.74305,8.99900
880,1645636147,47.74305,8.99900
881,1645636152,47.74305,8.99900
882,1645636157,47.74305,8.99900
883,1645636162,47.74305,8.99900
884,1645636167,47.74305,8.99900
885,1645636172,47.74305,8.99900
886,1645636177,47.74305,8.99900
887,1645636182,47.74305,8.99900
888,1645636187,47.74305,8.99900
889,1645636192,47.74305,8.99900
890,1645636197,47.74305,8.99900
891,1645636202,47.74305,8.99900
892,1645636207,47.74305,8.99900
893,1645636212,47.74305,8.99900
894,1645636217,47.74305,8.99900
895,1645636222,47.74305,8.99900
896,1645636227,47.74305,8.99900
897,1645636232,47.74305,8.99901
898,1645636237,47.74305,8.99900
899,1645636242,47.74305,8.99900
900,1645636247,47.74305,8.99901
901,1645636252,47.74305,8.99902
902,1645636257,47.74305,8.99902
903,1645636262,47.74305,8.99902
904,1645636267,47.74305,8.99902
905,1645636272,47.74305,8.99902
906,1645636277,47.74305,8.99902
907,1645636282,47.74305,8.99902
908,1645636287,47.74305,8.99902
909,1645636292,47.74305,8.99902
910,1645636297,47.74305,8.99902
911,1645636302,47.74305,8.99902
912,1645636307,47.74305,8.99902
913,1645636312,47.74306,8.99902
914,1645636317,47.74306,8.99902
915,1645636322,47.74306,8.99902
916,1645636327,47.74306,8.99902
917,1645636332,47.74306,8.99903
918,1645636337,47.74305,8.99902
919,1645636342,47.74305,8.99900
920,1645636347,47.74305,8.99898
921,1645636352,47.74304,8.99897
922,1645636357,47.74305,8.99896
923,1645636362,47.74305,8.99896
924,1645636367,47.74305,8.99896
925,1645636372,47.74305,8.99896
926,1645636377,47.74305,8.99896
927,1645636382,47.74304,8.99896
928,1645636387,47.74304,8.99896
929,1645636392,47.74304,8.99896
930,1645636397,47.74304,8.99896
931,1645636402,47.74304,8.99896
932,1645636407,47.74304,8.99896
933,1645636412,47.74304,8.99896
934,1645636417,47.74304,8.99896
935,1645636422,47.74304,8.99896
936,1645636427,47.74304,8.99896
937,1645636432,47.74304,8.99896
938,1645636437,47.74304,8.99896
939,1645636442,47.74304,8.99896
940,1645636447,47.74304,8.99896
941,1645636452,47.74304,8.99896
942,1645636457,47.74304,8.99896
943,1645636462,47.74304,8.99896
944,1645636467,47.74304,8.99896
945,1645636472,47.74304,8.99896
946,1645636477,47.74304,8.99896
947,1645636482,47.74304,8.99896
948,1645636487,47.74304,8.99896
949,1645636492,47.74304,8.99896
950,1645636497,47.74304,8.99896
951,1645636502,47.74304,8.99896
952,1645636507,47.74304,8.99896
953,1645636512,47.74304,8.99896
954,1645636517,47.74304,8.99896
955,1645636522,47.74304,8.99896
956,1645636527,47.74304,8.99896
957,1645636532,47.74304,8.99896
958,1645636537,47.74304,8.99896
959,1645636542,47.74304,8.99896
960,1645636547,47.74304,8.99896
961,1645636552,47.74304,8.99896
962,1645636557,47.74304,8.99896
963,1645636562,47.74304,8.99896
964,1645636567,47.74304,8.99896
965,1645636572,47.74304,8.99896
966,1645636577,47.74304,8.99896
967,1645636582,47.74304,8.99896
968,1645636587,47.74304,8.99896
969,1645636592,47.74304,8.99896
970,1645636597,47.74304,8.99896
971,1645636602,47.74304,8.99896
972,1645636607,47.74304,8.99896
973,1645636612,47.74304,8.99896
974,1645636617,47.74304,8.99896
975,1645636622,47.74304,8.99896
976,1645636627,47.74304,8.99896
977,1645636632,47.74304,8.99896
978,1645636637,47.74304,8.99896
979,1645636642,47.74305,8.99896
980,1645636647,47.74305,8.99896
981,1645636652,47.74305,8.99896
982,1645636657,47.74305,8.99896
983,1645636662,47.74305,8.99896
984,1645636667,47.74305,8.99896
985,1645636672,47.74305,8.99896
986,1645636677,47.74305,8.99896
987,1645636682,47.74305,8.99896
988,1645636687,47.74305,8.99896
989,1645636692,47.74305,8.99896
990,1645636697,47.74305,8.99896
991,1645636702,47.74305,8.99896
992,1645636707,47.74305,8.99896
993,1645636712,47.74305,8.99896
994,1645636717,47.74305,8.99896
995,1645636722,47.74305,8.99896
996,1645636727,47.74305,8.99896
997,1645636732,47.74305,8.99896
998,1645636737,47.74305,8.99896
999,1645636742,47.74305,8.99896
1000,1645636747,47.74305,8.99896
1001,1645636752,47.74305,8.99896
1002,1645636757,47.74305,8.99896
1003,1645636762,47.74305,8.99896
1004,1645636767,47.74305,8.99896
1005,1645636772,47.74305,8.99896
1006,1645636777,47.74305,8.99896
1007,1645636782,47.74304,8.99896
1008,1645636787,47.74305,8.99896
1009,1645636792,47.74305,8.99896
1010,1645636797,47.74305,8.99896
1011,1645636802,47.74305,8.99896
1012,1645636807,47.74305,8.99896
1013,1645636812,47.74305,8.99896
1014,1645636817,47.74305,8.99896
1015,1645636822,47.74305,8.99896
1016,1645636827,47.74305,8.99896
1017,1645636832,47.74305,8.99896
1018,1645636837,47.74305,8.99896
1019,1645636842,47.74305,8.99896
1020,1645636847,47.74305,8.99896
1021,1645636852,47.74305,8.99896
1022,1645636857,47.74305,8.99896
1023,1645636862,47.74305,8.99896
1024,1645636867,47.74305,8.99896
1025,1645636872,47.74305,8.99896
1026,1645636877,47.74305,8.99896
1027,1645636882,47.74305,8.99896
1028,1645636887,47.74305,8.99896
1029,1645636892,47.74305,8.99896
1030,1645636897,47.74305,8.99896
1031,1645636902,47.74305,8.99896
1032,1645636907,47.74305,8.99896
1033,1645636912,47.74305,8.99896
1034,1645636917,47.74305,8.99896
1035,1645636922,47.74305,8.99896
1036,1645636927,47.74305,8.99896
1037,1645636932,47.74305,8.99896
1038,1645636937,47.74305,8.99896
1039,1645636942,47.74305,8.99896
1040,1645636947,47.74305,8.99896
1041,1645636952,47.74305,8.99896
1042,1645636957,47.74305,8.99896
1043,1645636962,47.74306,8.99896
1044,1645636967,47.74306,8.99896
1045,1645636972,47.74306,8.99896
1046,1645636977,47.74306,8.99896
1047,1645636982,47.74306,8.99896
1048,1645636987,47.74306,8.99896
1049,1645636992,47.74306,8.99896
1050,1645636997,47.74306,8.99896
1051,1645637002,47.74306,8.99896
1052,1645637007,47.74306,8.99896
1053,1645637012,47.74306,8.99897
1054,1645637017,47.74306,8.99897
1055,1645637022,47.74306,8.99897
1056,1645637027,47.74306,8.99897
1057,1645637032,47.74306,8.99897
1058,1645637037,47.74307,8.99898
1059,1645637042,47.74307,8.99898
1060,1645637047,47.74307,8.99898
1061,1645637052,47.74307,8.99898
1062,1645637057,47.74308,8.99899
1063,1645637062,47.74308,8.99899
1064,1645637067,47.74308,8.99899
1065,1645637072,47.74308,8.99899
1066,1645637077,47.74308,8.99899
1067,1645637082,47.74308,8.99899
1068,1645637087,47.74308,8.99899
1069,1645637092,47.74308,8.99899
1070,1645637097,47.74308,8.99899
1071,1645637102,47.74308,8.99899
1072,1645637107,47.74308,8.99899
1073,1645637112,47.74308,8.99899
1074,1645637117,47.74308,8.99899
1075,1645637122,47.74308,8.99899
1076,1645637127,47.74308,8.99899
1077,1645637132,47.74308,8.99899
1078,1645637137,47.74308,8.99899
1079,1645637142,47.74308,8.99899
1080,1645637147,47.74308,8.99899
1081,1645637152,47.74308,8.99899
1082,1645637157,47.74308,8.99899
1083,1645637162,47.74308,8.99899
1084,1645637167,47.74308,8.99899
1085,1645637172,47.74308,8.99899
1086,1645637177,47.74308,8.99899
1087,1645637182,47.74308,8.99899
1088,1645637187,47.74308,8.99899
1089,1645637192,47.74308,8.99899
1090,1645637197,47.74308,8.99899
1091,1645637202,47.74308,8.99899
1092,1645637207,47.74308,8.99899
1093,1645637212,47.74309,8.99900
1094,1645637217,47.74310,8.99900
1095,1645637222,47.74310,8.99900
1096,1645637227,47.74310,8.99900
1097,1645637232,47.74310,8.99900
1098,1645637237,47.74310,8.99900
1099,1645637242,47.74309,8.99899
1100,1645637247,47.74309,8.99899
1101,1645637252,47.74308,8.99899
1102,1645637257,47.74308,8.99899
1103,1645637262,47.74308,8.99899
1104,1645637267,47.74309,8.99899
1105,1645637272,47.74309,8.99899
1106,1645637277,47.74309,8.99899
1107,1645637282,47.74309,8.99899
1108,1645637287,47.74309,8.99899
1109,1645637292,47.74309,8.99899
1110,1645637297,47.74309,8.99899
1111,1645637302,47.74309,8.99899
1112,1645637307,47.74309,8.99899
1113,1645637312,47.74309,8.99899
1114,1645637317,47.74309,8.99899
1115,1645637322,47.74309,8.99899
1116,1645637327,47.74309,8.99899
1117,1645637332,47.74309,8.99899
1118,1645637337,47.74309,8.99899
1119,1645637342,47.74309,8.99899
1120,1645637347,47.74309,8.99899
1121,1645637352,47.74309,8.99899
1122,1645637357,47.74308,8.99899
1123,1645637362,47.74308,8.99898
1124,1645637367,47.74308,8.99898
1125,1645637372,47.74308,8.99898
1126,1645637377,47.74308,8.99898
1127,1645637382,47.74308,8.99898
1128,1645637387,47.74308,8.99898
1129,1645637392,47.74308,8.99898
1130,1645637397,47.74308,8.99898
1131,1645637402,47.74308,8.99898
1132,1645637407,47.74308,8.99898
1133,1645637412,47.74308,8.99898
1134,1645637417,47.74308,8.99898
1135,1645637422,47.74308,8.99898
1136,1645637427,47.74308,8.99898
1137,1645637432,47.74308,8.99898
1138,1645637437,47.74308,8.99898
1139,1645637442,47.74308,8.99898
1140,1645637447,47.74308,8.99898
1141,1645637452,47.74308,8.99898
1142,1645637457,47.74308,8.99898
1143,1645637462,47.74308,8.99898
1144,1645637467,47.74308,8.99898
1145,1645637472,47.74308,8.99898
1146,1645637477,47.74308,8.99898
1147,1645637482,47.74308,8.99898
1148,1645637487,47.74308,8.99898
1149,1645637492,47.74308,8.99898
1150,1645637497,47.74308,8.99898
1151,1645637502,47.74308,8.99898
1152,1645637507,47.74308,8.99898
1153,1645637512,47.74308,8.99898
1154,1645637517,47.74308,8.99898
1155,1645637522,47.74308,8.99898
1156,1645637527,47.74308,8.99898
1157,1645637532,47.74308,8.99898
1158,1645637537,47.74308,8.99898
1159,1645637542,47.74308,8.99898
1160,1645637547,47.74308,8.99898
1161,1645637552,47.74308,8.99898
1162,1645637557,47.74308,8.99898
1163,1645637562,47.74308,8.99898
1164,1645637567,47.74308,8.99898
1165,1645637572,47.74308,8.99898
1166,1645637577,47.74308,8.99898
1167,1645637582,47.74308,8.99898
1168,1645637587,47.74308,8.99898
1169,1645637592,47.74308,8.99898
1170,1645637597,47.74308,8.99898
1171,1645637602,47.74308,8.99898
1172,1645637607,47.74308,8.99899
1173,1645637612,47.74309,8.99901
1174,1645637617,47.74309,8.99901
1175,1645637622,47.74309,8.99901
1176,1645637627,47.74309,8.99901
1177,1645637632,47.74309,8.99901
1178,1645637637,47.74309,8.99901
1179,1645637642,47.74309,8.99901
1180,1645637647,47.74309,8.99901
1181,1645637652,47.74309,8.99901
1182,1645637657,47.74309,8.99901
1183,1645637662,47.74309,8.99901
1184,1645637667,47.74309,8.99900
1185,1645637672,47.74308,8.99900
1186,1645637677,47.74308,8.99900
1187,1645637682,47.74308,8.99900
1188,1645637687,47.74307,8.99900
1189,1645637692,47.74307,8.99900
1190,1645637697,47.74306,8.99900
1191,1645637702,47.74306,8.99900
1192,1645637707,47.74306,8.99900
1193,1645637712,47.74306,8.99900
1194,1645637717,47.74306,8.99899
1195,1645637722,47.74306,8.99899
1196,1645637727,47.74306,8.99900
1197,1645637732,47.74307,8.99899
1198,1645637737,47.74307,8.99899
1199,1645637742,47.74307,8.99899
1200,1645637747,47.74307,8.99899
1201,1645637752,47.74307,8.99899
1202,1645637757,47.74307,8.99899
1203,1645637762,47.74307,8.99899
1204,1645637767,47.74306,8.99900
1205,1645637772,47.74306,8.99900
1206,1645637777,47.74305,8.99900
1207,1645637782,47.74305,8.99899
1208,1645637787,47.74306,8.99899
1209,1645637792,47.74306,8.99899
1210,1645637797,47.74306,8.99898
1211,1645637802,47.74306,8.99897
1212,1645637807,47.74306,8.99897
1213,1645637812,47.74306,8.99897
1214,1645637817,47.74306,8.99897
1215,1645637822,47.74306,8.99897
1216,1645637827,47.74306,8.99897
1217,1645637832,47.74306,8.99897
1218,1645637837,47.74306,8.99897
1219,1645637842,47.74306,8.99897
1220,1645637847,47.74306,8.99897
1221,1645637852,47.74306,8.99897
1222,1645637857,47.74306,8.99898
1223,1645637862,47.74306,8.99898
1224,1645637867,47.74306,8.99898
1225,1645637872,47.74306,8.99898
1226,1645637877,47.74306,8.99898
1227,1645637882,47.74306,8.99898
1228,1645637887,47.74306,8.99898
1229,1645637892,47.74306,8.99898
1230,1645637897,47.74306,8.99898
1231,1645637902,47.74306,8.99898
1232,1645637907,47.74306,8.99898
1233,1645637912,47.74306,8.99898
1234,1645637917,47.74306,8.99898
1235,1645637922,47.74306,8.99898
1236,1645637927,47.74306,8.99898
1237,1645637932,47.74306,8.99898
1238,1645637937,47.74306,8.99898
1239,1645637942,47.74306,8.99899
1240,1645637947,47.74307,8.99900
1241,1645637952,47.74307,8.99902
1242,1645637957,47.74308,8.99902
1243,1645637962,47.74308,8.99902
1244,1645637967,47.74308,8.99902
1245,1645637972,47.74308,8.99902
1246,1645637977,47.74308,8.99902
1247,1645637982,47.74308,8.99902
1248,1645637987,47.74308,8.99902
1249,1645637992,47.74308,8.99902
1250,1645637997,47.74308,8.99902
1251,1645638002,47.74308,8.99902
1252,1645638007,47.74308,8.99902
1253,1645638012,47.74307,8.99902
1254,1645638017,47.74307,8.99902
1255,1645638022,47.74307,8.99902
1256,1645638027,47.74307,8.99902
1257,1645638032,47.74307,8.99902
1258,1645638037,47.74307,8.99902
1259,1645638042,47.74308,8.99902
1260,1645638047,47.74308,8.99902
1261,1645638052,47.74308,8.99902
1262,1645638057,47.74308,8.99902
1263,1645638062,47.74308,8.99902
1264,1645638067,47.74307,8.99902
1265,1645638072,47.74307,8.99902
1266,1645638077,47.74307,8.99902
1267,1645638082,47.74307,8.99902
1268,1645638087,47.74307,8.99902
1269,1645638092,47.74307,8.99902
1270,1645638097,47.74307,8.99902
1271,1645638102,47.74307,8.99902
1272,1645638107,47.74307,8.99902
1273,1645638112,47.74307,8.99902
1274,1645638117,47.74307,8.99902
1275,1645638122,47.74307,8.99902
1276,1645638127,47.74307,8.99902
1277,1645638132,47.74308,8.99902
1278,1645638137,47.74308,8.99902
1279,1645638142,47.74308,8.99902
1280,1645638147,47.74308,8.99902
1281,1645638152,47.74308,8.99902
1282,1645638157,47.74308,8.99902
1283,1645638162,47.74308,8.99902
1284,1645638167,47.74308,8.99902
1285,1645638172,47.74308,8.99902
1286,1645638177,47.74308,8.99902
1287,1645638182,47.74307,8.99902
1288,1645638187,47.74307,8.99902
1289,1645638192,47.74307,8.99902
1290,1645638197,47.74307,8.99902
1291,1645638202,47.74307,8.99902
1292,1645638207,47.74307,8.99902
1293,1645638212,47.74307,8.99902
1294,1645638217,47.74307,8.99902
1295,1645638222,47.74307,8.99902
1296,1645638227,47.74307,8.99902
1297,1645638232,47.74307,8.99902
1298,1645638237,47.74307,8.99902
1299,1645638242,47.74307,8.99902
1300,1645638247,47.74307,8.99902
1301,1645638252,47.74307,8.99902
1302,1645638257,47.74307,8.99902
1303,1645638262,47.74307,8.99902
1304,1645638267,47.74307,8.99902
1305,1645638272,47.74307,8.99902
1306,1645638277,47.74307,8.99902
1307,1645638282,47.74308,8.99902
1308,1645638287,47.74308,8.99902
1309,1645638292,47.74308,8.99902
1310,1645638297,47.74308,8.99902
1311,1645638302,47.74308,8.99902
1312,1645638307,47.74308,8.99902
1313,1645638312,47.74308,8.99902
1314,1645638317,47.74308,8.99902
1315,1645638322,47.74308,8.99902
1316,1645638327,47.74308,8.99902
1317,1645638332,47.74308,8.99902
1318,1645638337,47.74308,8.99902
1319,1645638342,47.74308,8.99902
1320,1645638347,47.74308,8.99902
1321,1645638352,47.74308,8.99902
1322,1645638357,47.74308,8.99902
1323,1645638362,47.74309,8.99902
1324,1645638367,47.74309,8.99901
1325,1645638372,47.74309,8.99902
1326,1645638377,47.74310,8.99902
1327,1645638382,47.74310,8.99901
1328,1645638387,47.74310,8.99901
1329,1645638392,47.74310,8.99901
1330,1645638397,47.74310,8.99901
1331,1645638402,47.74310,8.99901
1332,1645638407,47.74309,8.99901
1333,1645638412,47.74309,8.99901
1334,1645638417,47.74309,8.99901
1335,1645638422,47.74309,8.99901
1336,1645638427,47.74309,8.99901
1337,1645638432,47.74309,8.99901
1338,1645638437,47.74309,8.99901
1339,1645638442,47.74309,8.99901
1340,1645638447,47.74309,8.99901
1341,1645638452,47.74309,8.99901
1342,1645638457,47.74309,8.99900
1343,1645638462,47.74309,8.99900
1344,1645638467,47.74309,8.99900
1345,1645638472,47.74309,8.99900
1346,1645638477,47.74309,8.99900
1347,1645638482,47.74309,8.99900
1348,1645638487,47.74308,8.99900
1349,1645638492,47.74308,8.99900
1350,1645638497,47.74308,8.99900
1351,1645638502,47.74308,8.99900
1352,1645638507,47.74308,8.99900
1353,1645638512,47.74308,8.99900
1354,1645638517,47.74309,8.99900
1355,1645638522,47.74309,8.99900
1356,1645638527,47.74309,8.99900
1357,1645638532,47.74309,8.99900
1358,1645638537,47.74309,8.99900
1359,1645638542,47.74309,8.99900
1360,1645638547,47.74309,8.99900
1361,1645638552,47.74309,8.99899
1362,1645638557,47.74309,8.99899
1363,1645638562,47.74309,8.99900
1364,1645638567,47.74309,8.99899
1365,1645638572,47.74309,8.99899
1366,1645638577,47.74309,8.99900
1367,1645638582,47.74310,8.99900
1368,1645638587,47.74310,8.99901
1369,1645638592,47.74310,8.99902
1370,1645638597,47.74310,8.99902
1371,1645638602,47.74310,8.99902
1372,1645638607,47.74310,8.99902
1373,1645638612,47.74310,8.99902
1374,1645638617,47.74310,8.99902
1375,1645638622,47.74310,8.99902
1376,1645638627,47.74310,8.99902
1377,1645638632,47.74310,8.99902
1378,1645638637,47.74310,8.99902
1379,1645638642,47.74310,8.99902
1380,1645638647,47.74310,8.99902
1381,1645638652,47.74310,8.99902
1382,1645638657,47.74310,8.99902
1383,1645638662,47.74310,8.99902
1384,1645638667,47.74310,8.99902
1385,1645638672,47.74310,8.99902
1386,1645638677,47.74310,8.99902
1387,1645638682,47.74310,8.99902
1388,1645638687,47.74310,8.99902
1389,1645638692,47.74310,8.99902
1390,1645638697,47.74310,8.99902
1391,1645638702,47.74310,8.99902
1392,1645638707,47.74309,8.99902
1393,1645638712,47.74309,8.99902
1394,1645638717,47.74309,8.99902
1395,1645638722,47.74309,8.99902
1396,1645638727,47.74309,8.99902
1397,1645638732,47.74309,8.99902
1398,1645638737,47.74309,8.99902
1399,1645638742,47.74309,8.99902
1400,1645638747,47.74309,8.99902
1401,1645638752,47.74309,8.99902
1402,1645638757,47.74309,8.99902
1403,1645638762,47.74309,8.99902
1404,1645638767,47.74309,8.99902
1405,1645638772,47.74309,8.99902
1406,1645638777,47.74309,8.99902
1407,1645638782,47.74309,8.99902
1408,1645638787,47.74309,8.99902
1409,1645638792,47.74309,8.99902
1410,1645638797,47.74309,8.99902
1411,1645638802,47.74309,8.99902
1412,1645638807,47.74309,8.99902
1413,1645638812,47.74309,8.99901
1414,1645638817,47.74309,8.99901
1415,1645638822,47.74309,8.99901
1416,1645638827,47.74308,8.99902
1417,1645638832,47.74308,8.99902
1418,1645638837,47.74308,8.99902
1419,1645638842,47.74308,8.99902
1420,1645638847,47.74308,8.99902
1421,1645638852,47.74308,8.99902
1422,1645638857,47.74308,8.99901
1423,1645638862,47.74308,8.99901
1424,1645638867,47.74307,8.99901
1425,1645638872,47.74307,8.99901
1426,1645638877,47.74307,8.99901
1427,1645638882,47.74307,8.99901
1428,1645638887,47.74307,8.99901
1429,1645638892,47.74307,8.99901
1430,1645638897,47.74307,8.99901
1431,1645638902,47.74307,8.99901
1432,1645638907,47.74306,8.99901
1433,1645638912,47.74306,8.99900
1434,1645638917,47.74306,8.99900
1435,1645638922,47.74306,8.99900
1436,1645638927,47.74306,8.99900
1437,1645638932,47.74306,8.99900
1438,1645638937,47.74306,8.99900
1439,1645638942,47.74306,8.99900
1440,1645638947,47.74306,8.99900
1441,1645638952,47.74306,8.99900
1442,1645638957,47.74306,8.99900
1443,1645638962,47.74306,8.99900
1444,1645638967,47.74306,8.99900
1445,1645638972,47.74306,8.99900
1446,1645638977,47.74306,8.99900
1447,1645638982,47.74306,8.99900
1448,1645638987,47.74306,8.99900
1449,1645638992,47.74306,8.99900
1450,1645638997,47.74306,8.99900
1451,1645639002,47.74306,8.99900
1452,1645639007,47.74306,8.99900
1453,1645639012,47.74306,8.99900
1454,1645639017,47.74306,8.99900
1455,1645639022,47.74307,8.99900
1456,1645639027,47.74307,8.99900
1457,1645639032,47.74307,8.99900
1458,1645639037,47.74306,8.99900
1459,1645639042,47.74306,8.99900
1460,1645639047,47.74306,8.99900
1461,1645639052,47.74306,8.99900
1462,1645639057,47.74307,8.99900
1463,1645639062,47.74306,8.99900
1464,1645639067,47.74306,8.99900
1465,1645639072,47.74306,8.99900
1466,1645639077,47.74305,8.99899
1467,1645639082,47.74305,8.99899
1468,1645639087,47.74305,8.99899
1469,1645639092,47.74305,8.99899
1470,1645639097,47.74304,8.99899
1471,1645639102,47.74304,8.99899
1472,1645639107,47.74304,8.99899
1473,1645639112,47.74304,8.99899
1474,1645639117,47.74305,8.99899
1475,1645639122,47.74305,8.99899
1476,1645639127,47.74305,8.99899
1477,1645639132,47.74305,8.99899
1478,1645639137,47.74305,8.99899
1479,1645639142,47.74305,8.99899
1480,1645639147,47.74305,8.99899
1481,1645639152,47.74305,8.99899
1482,1645639157,47.74305,8.99899
1483,1645639162,47.74305,8.99899
1484,1645639167,47.74305,8.99899
1485,1645639172,47.74305,8.99899
1486,1645639177,47.74305,8.99899
1487,1645639182,47.74305,8.99899
1488,1645639187,47.74305,8.99899
1489,1645639192,47.74306,8.99899
1490,1645639197,47.74306,8.99899
1491,1645639202,47.74306,8.99899
1492,1645639207,47.74306,8.99899
1493,1645639212,47.74306,8.99899
1494,1645639217,47.74306,8.99899
1495,1645639222,47.74306,8.99899
1496,1645639227,47.74306,8.99899
1497,1645639232,47.74306,8.99899
1498,1645639237,47.74306,8.99899
1499,1645639242,47.74306,8.99899
1500,1645639247,47.74306,8.99899
1501,1645639252,47.74306,8.99899
1502,1645639257,47.74306,8.99899
1503,1645639262,47.74306,8.99899
1504,1645639267,47.74306,8.99899
1505,1645639272,47.74306,8.99899
1506,1645639277,47.74306,8.99899
1507,1645639282,47.74306,8.99899
1508,1645639287,47.74306,8.99899
1509,1645639292,47.74306,8.99899
1510,1645639297,47.74306,8.99899
1511,1645639302,47.74306,8.99899
1512,1645639307,47.74306,8.99899
1513,1645639312,47.74306,8.99899
1514,1645639317,47.74306,8.99898
1515,1645639322,47.74306,8.99898
1516,1645639327,47.74306,8.99898
1517,1645639332,47.74306,8.99898
1518,1645639337,47.74306,8.99898
1519,1645639342,47.74306,8.99898
1520,1645639347,47.74306,8.99898
1521,1645639352,47.74306,8.99898
1522,1645639357,47.74306,8.99898
1523,1645639362,47.74306,8.99898
1524,1645639367,47.74306,8.99898
1525,1645639372,47.74307,8.99899
1526,1645639377,47.74307,8.99899
1527,1645639382,47.74307,8.99899
1528,1645639387,47.74308,8.99899
1529,1645639392,47.74308,8.99899
1530,1645639397,47.74308,8.99899
1531,1645639402,47.74308,8.99899
1532,1645639407,47.74309,8.99900
1533,1645639412,47.74309,8.99900
1534,1645639417,47.74309,8.99900
1535,1645639422,47.74309,8.99900
1536,1645639427,47.74309,8.99900
1537,1645639432,47.74309,8.99901
1538,1645639437,47.74308,8.99901
1539,1645639442,47.74308,8.99901
1540,1645639447,47.74308,8.99901
1541,1645639452,47.74308,8.99901
1542,1645639457,47.74308,8.99901
1543,1645639462,47.74308,8.99901
1544,1645639467,47.74308,8.99901
1545,1645639472,47.74308,8.99901
1546,1645639477,47.74308,8.99901
1547,1645639482,47.74308,8.99901
1548,1645639487,47.74308,8.99901
1549,1645639492,47.74308,8.99901
1550,1645639497,47.74308,8.99901
1551,1645639502,47.74308,8.99901
1552,1645639507,47.74308,8.99901
1553,1645639512,47.74308,8.99901
1554,1645639517,47.74308,8.99901
1555,1645639522,47.74308,8.99901
1556,1645639527,47.74308,8.99901
1557,1645639532,47.74308,8.99901
1558,1645639537,47.74308,8.99901
1559,1645639542,47.74308,8.99901
1560,1645639547,47.74308,8.99901
1561,1645639552,47.74308,8.99901
1562,1645639557,47.74308,8.99901
1563,1645639562,47.74308,8.99901
1564,1645639567,47.74308,8.99901
1565,1645639572,47.74308,8.99901
1566,1645639577,47.74308,8.99901
1567,1645639582,47.74308,8.99901
1568,1645639587,47.74308,8.99901
1569,1645639592,47.74308,8.99901
1570,1645639597,47.74308,8.99901
1571,1645639602,47.74308,8.99901
1572,1645639607,47.74308,8.99901
1573,1645639612,47.74308,8.99901
1574,1645639617,47.74308,8.99901
1575,1645639622,47.74308,8.99901
1576,1645639627,47.74308,8.99901
1577,1645639632,47.74308,8.99901
1578,1645639637,47.74308,8.99901
1579,1645639642,47.74308,8.99901
1580,1645639647,47.74308,8.99901
1581,1645639652,47.74308,8.99901
1582,1645639657,47.74308,8.99901
1583,1645639662,47.74308,8.99901
1584,1645639667,47.74308,8.99901
1585,1645639672,47.74308,8.99901
1586,1645639677,47.74308,8.99901
1587,1645639682,47.74308,8.99901
1588,1645639687,47.74308,8.99901
1589,1645639692,47.74308,8.99901
1590,1645639697,47.74308,8.99901
1591,1645639702,47.74308,8.99901
1592,1645639707,47.74308,8.99901
1593,1645639712,47.74308,8.99901
1594,1645639717,47.74308,8.99901
1595,1645639722,47.74308,8.99900
1596,1645639727,47.74308,8.99900
1597,1645639732,47.74308,8.99900
1598,1645639737,47.74308,8.99900
1599,1645639742,47.74308,8.99900
1600,1645639747,47.74308,8.99900
1601,1645639752,47.74308,8.99900
1602,1645639757,47.74308,8.99900
1603,1645639762,47.74308,8.99900
1604,1645639767,47.74308,8.99900
1605,1645639772,47.74308,8.99900
1606,1645639777,47.74308,8.99900
1607,1645639782,47.74308,8.99900
1608,1645639787,47.74308,8.99900
1609,1645639792,47.74307,8.99900
1610,1645639797,47.74306,8.99899
1611,1645639802,47.74305,8.99898
1612,1645639807,47.74305,8.99898
1613,1645639812,47.74305,8.99897
1614,1645639817,47.74305,8.99897
1615,1645639822,47.74305,8.99897
1616,1645639827,47.74305,8.99897
1617,1645639832,47.74305,8.99898
1618,1645639837,47.74305,8.99898
1619,1645639842,47.74305,8.99898
1620,1645639847,47.74305,8.99898
1621,1645639852,47.74305,8.99898
1622,1645639857,47.74305,8.99898
1623,1645639862,47.74305,8.99898
1624,1645639867,47.74305,8.99898
1625,1645639872,47.74305,8.99898
1626,1645639877,47.74305,8.99898
1627,1645639882,47.74305,8.99898
1628,1645639887,47.74305,8.99898
1629,1645639892,47.74305,8.99898
1630,1645639897,47.74305,8.99898
1631,1645639902,47.74305,8.99898
1632,1645639907,47.74305,8.99898
1633,1645639912,47.74305,8.99898
1634,1645639917,47.74305,8.99898
1635,1645639922,47.74305,8.99898
1636,1645639927,47.74305,8.99898
1637,1645639932,47.74305,8.99898
1638,1645639937,47.74305,8.99898
1639,1645639942,47.74305,8.99898
1640,1645639947,47.74306,8.99898
1641,1645639952,47.74306,8.99899
1642,1645639957,47.74306,8.99898
1643,1645639962,47.74306,8.99898
1644,1645639967,47.74306,8.99899
1645,1645639972,47.74306,8.99898
1646,1645639977,47.74307,8.99899
1647,1645639982,47.74307,8.99899
1648,1645639987,47.74307,8.99899
1649,1645639992,47.74307,8.99899
1650,1645639997,47.74307,8.99899
1651,1645640002,47.74307,8.99899
1652,1645640007,47.74307,8.99899
1653,1645640012,47.74307,8.99899
1654,1645640017,47.74307,8.99899
1655,1645640022,47.74307,8.99899
1656,1645640027,47.74307,8.99899
1657,1645640032,47.74307,8.99899
1658,1645640037,47.74307,8.99899
1659,1645640042,47.74307,8.99899
1660,1645640047,47.74307,8.99899
1661,1645640052,47.74307,8.99899
1662,1645640057,47.74307,8.99899
1663,1645640062,47.74307,8.99899
1664,1645640067,47.74307,8.99899
1665,1645640072,47.74307,8.99899
1666,1645640077,47.74307,8.99899
1667,1645640082,47.74307,8.99899
1668,1645640087,47.74307,8.99899
1669,1645640092,47.74307,8.99899
1670,1645640097,47.74307,8.99899
1671,1645640102,47.74307,8.99899
1672,1645640107,47.74307,8.99899
1673,1645640112,47.74307,8.99899
1674,1645640117,47.74307,8.99899
1675,1645640122,47.74307,8.99899
1676,1645640127,47.74307,8.99899
1677,1645640132,47.74307,8.99899
1678,1645640137,47.74307,8.99899
1679,1645640142,47.74307,8.99899
1680,1645640147,47.74307,8.99899
1681,1645640152,47.74307,8.99899
1682,1645640157,47.74307,8.99899
1683,1645640162,47.74307,8.99899
1684,1645640167,47.74307,8.99899
1685,1645640172,47.74307,8.99899
1686,1645640177,47.74307,8.99899
1687,1645640182,47.74307,8.99899
1688,1645640187,47.74307,8.99899
1689,1645640192,47.74307,8.99899
1690,1645640197,47.74307,8.99899
1691,1645640202,47.74307,8.99899
1692,1645640207,47.74307,8.99899
1693,1645640212,47.74307,8.99899
1694,1645640217,47.74307,8.99899
1695,1645640222,47.74307,8.99899
1696,1645640227,47.74307,8.99899
1697,1645640232,47.74307,8.99899
1698,1645640237,47.74307,8.99899
1699,1645640242,47.74307,8.99899
1700,1645640247,47.74307,8.99899
1701,1645640252,47.74307,8.99899
1702,1645640257,47.74307,8.99899
1703,1645640262,47.74307,8.99899
1704,1645640267,47.74306,8.99899
1705,1645640272,47.74306,8.99899
1706,1645640277,47.74306,8.99900
1707,1645640282,47.74305,8.99899
1708,1645640287,47.74305,8.99900
1709,1645640292,47.74305,8.99899
1710,1645640297,47.74305,8.99899
1711,1645640302,47.74305,8.99899
1712,1645640307,47.74305,8.99899
1713,1645640312,47.74305,8.99899
1714,1645640317,47.74305,8.99899
1715,1645640322,47.74305,8.99899
1716,1645640327,47.74305,8.99899
1717,1645640332,47.74305,8.99899
1718,1645640337,47.74305,8.99900
1719,1645640342,47.74305,8.99900
1720,1645640347,47.74305,8.99900
1721,1645640352,47.74305,8.99900
1722,1645640357,47.74305,8.99900
1723,1645640362,47.74305,8.99900
1724,1645640367,47.74305,8.99900
1725,1645640372,47.74305,8.99900
1726,1645640377,47.74305,8.99900
1727,1645640382,47.74305,8.99900
1728,1645640387,47.74305,8.99900
1729,1645640392,47.74305,8.99900
1730,1645640397,47.74305,8.99900
1731,1645640402,47.74305,8.99900
1732,1645640407,47.74305,8.99900
1733,1645640412,47.74305,8.99900
1734,1645640417,47.74305,8.99900
1735,1645640422,47.74305,8.99899
1736,1645640427,47.74305,8.99899
1737,1645640432,47.74304,8.99899
1738,1645640437,47.74304,8.99899
1739,1645640442,47.74304,8.99900
1740,1645640447,47.74304,8.99900
1741,1645640452,47.74305,8.99900
1742,1645640457,47.74305,8.99900
1743,1645640462,47.74305,8.99899
1744,1645640467,47.74305,8.99899
1745,1645640472,47.74305,8.99899
1746,1645640477,47.74304,8.99899
1747,1645640482,47.74304,8.99898
1748,1645640487,47.74304,8.99898
1749,1645640492,47.74304,8.99898
1750,1645640497,47.74304,8.99898
1751,1645640502,47.74304,8.99898
1752,1645640507,47.74304,8.99898
1753,1645640512,47.74304,8.99898
1754,1645640517,47.74304,8.99898
1755,1645640522,47.74304,8.99898
1756,1645640527,47.74304,8.99898
1757,1645640532,47.74304,8.99898
1758,1645640537,47.74304,8.99898
1759,1645640542,47.74304,8.99898
1760,1645640547,47.74304,8.99899
1761,1645640552,47.74304,8.99899
1762,1645640557,47.74304,8.99899
1763,1645640562,47.74304,8.99899
1764,1645640567,47.74304,8.99899
1765,1645640572,47.74304,8.99899
1766,1645640577,47.74304,8.99899
1767,1645640582,47.74304,8.99899
1768,1645640587,47.74304,8.99899
1769,1645640592,47.74304,8.99899
1770,1645640597,47.74304,8.99899
1771,1645640602,47.74304,8.99899
1772,1645640607,47.74304,8.99899
1773,1645640612,47.74304,8.99899
1774,1645640617,47.74304,8.99899
1775,1645640622,47.74304,8.99899
1776,1645640627,47.74305,8.99899
1777,1645640632,47.74305,8.99899
1778,1645640637,47.74306,8.99899
1779,1645640642,47.74306,8.99899
1780,1645640647,47.74306,8.99899
1781,1645640652,47.74306,8.99899
1782,1645640657,47.74306,8.99898
1783,1645640662,47.74305,8.99898
1784,1645640667,47.74305,8.99898
1785,1645640672,47.74305,8.99898
1786,1645640677,47.74305,8.99898
1787,1645640682,47.74305,8.99898
1788,1645640687,47.74305,8.99898
1789,1645640692,47.74305,8.99898
1790,1645640697,47.74305,8.99898
1791,1645640702,47.74305,8.99898
1792,1645640707,47.74305,8.99898
1793,1645640712,47.74305,8.99898
1794,1645640717,47.74305,8.99898
1795,1645640722,47.74305,8.99898
1796,1645640727,47.74305,8.99898
1797,1645640732,47.74305,8.99898
1798,1645640737,47.74305,8.99898
1799,1645640742,47.74305,8.99898
1800,1645640747,47.74305,8.99899
1801,1645640752,47.74305,8.99899
1802,1645640757,47.74305,8.99899
1803,1645640762,47.74305,8.99899
1804,1645640767,47.74305,8.99899
1805,1645640772,47.74305,8.99899
1806,1645640777,47.74305,8.99899
1807,1645640782,47.74305,8.99899
1808,1645640787,47.74305,8.99899
1809,1645640792,47.74305,8.99899
1810,1645640797,47.74305,8.99899
1811,1645640802,47.74305,8.99899
1812,1645640807,47.74305,8.99899
1813,1645640812,47.74305,8.99899
1814,1645640817,47.74305,8.99899
1815,1645640822,47.74305,8.99899
1816,1645640827,47.74305,8.99899
1817,1645640832,47.74305,8.99899
1818,1645640837,47.74305,8.99900
1819,1645640842,47.74305,8.99900
1820,1645640847,47.74305,8.99899
1821,1645640852,47.74306,8.99899
1822,1645640857,47.74306,8.99898
1823,1645640862,47.74306,8.99899
1824,1645640867,47.74305,8.99899
1825,1645640872,47.74305,8.99899
1826,1645640877,47.74304,8.99898
1827,1645640882,47.74305,8.99898
1828,1645640887,47.74305,8.99897
1829,1645640892,47.74305,8.99897
1830,1645640897,47.74305,8.99897
1831,1645640902,47.74305,8.99897
1832,1645640907,47.74305,8.99897
1833,1645640912,47.74305,8.99897
1834,1645640917,47.74305,8.99897
1835,1645640922,47.74305,8.99897
1836,1645640927,47.74305,8.99898
1837,1645640932,47.74305,8.99898
1838,1645640937,47.74304,8.99899
1839,1645640942,47.74304,8.99899
1840,1645640947,47.74304,8.99900
1841,1645640952,47.74304,8.99900
1842,1645640957,47.74304,8.99900
1843,1645640962,47.74304,8.99900
1844,1645640967,47.74304,8.99900
1845,1645640972,47.74305,8.99900
1846,1645640977,47.74306,8.99901
1847,1645640982,47.74306,8.99901
1848,1645640987,47.74306,8.99901
1849,1645640992,47.74306,8.99901
1850,1645640997,47.74306,8.99901
1851,1645641002,47.74306,8.99901
1852,1645641007,47.74306,8.99901
1853,1645641012,47.74306,8.99901
1854,1645641017,47.74306,8.99901
1855,1645641022,47.74306,8.99901
1856,1645641027,47.74306,8.99901
1857,1645641032,47.74306,8.99901
1858,1645641037,47.74306,8.99901
1859,1645641042,47.74306,8.99901
1860,1645641047,47.74306,8.99901
1861,1645641052,47.74306,8.99901
1862,1645641057,47.74306,8.99901
1863,1645641062,47.74306,8.99901
1864,1645641067,47.74306,8.99901
1865,1645641072,47.74306,8.99901
1866,1645641077,47.74306,8.99901
1867,1645641082,47.74306,8.99901
1868,1645641087,47.74306,8.99901
1869,1645641092,47.74306,8.99901
1870,1645641097,47.74306,8.99901
1871,1645641102,47.74306,8.99901
1872,1645641107,47.74306,8.99901
1873,1645641112,47.74306,8.99902
1874,1645641117,47.74306,8.99902
1875,1645641122,47.74306,8.99902
1876,1645641127,47.74306,8.99902
1877,1645641132,47.74306,8.99902
1878,1645641137,47.74306,8.99902
1879,1645641142,47.74306,8.99902
1880,1645641147,47.74306,8.99902
1881,1645641152,47.74306,8.99902
1882,1645641157,47.74306,8.99902
1883,1645641162,47.74306,8.99902
1884,1645641167,47.74306,8.99902
1885,1645641172,47.74306,8.99902
1886,1645641177,47.74306,8.99902
1887,1645641182,47.74306,8.99902
1888,1645641187,47.74306,8.99902
1889,1645641192,47.74306,8.99902
1890,1645641197,47.74306,8.99902
1891,1645641202,47.74306,8.99902
1892,1645641207,47.74306,8.99902
1893,1645641212,47.74306,8.99902
1894,1645641217,47.74306,8.99902
1895,1645641222,47.74306,8.99902
1896,1645641227,47.74306,8.99902
1897,1645641232,47.74306,8.99902
1898,1645641237,47.74306,8.99902
1899,1645641242,47.74306,8.99902
1900,1645641247,47.74306,8.99902
1901,1645641252,47.74306,8.99902
1902,1645641257,47.74306,8.99902
1903,1645641262,47.74306,8.99902
1904,1645641267,47.74306,8.99901
1905,1645641272,47.74306,8.99901
1906,1645641277,47.74306,8.99901
1907,1645641282,47.74306,8.99901
1908,1645641287,47.74306,8.99901
1909,1645641292,47.74306,8.99901
1910,1645641297,47.74306,8.99901
1911,1645641302,47.74306,8.99901
1912,1645641307,47.74306,8.99901
1913,1645641312,47.74306,8.99901
1914,1645641317,47.74306,8.99901
1915,1645641322,47.74306,8.99901
1916,1645641327,47.74306,8.99901
1917,1645641332,47.74306,8.99901
1918,1645641337,47.74306,8.99901
1919,1645641342,47.74306,8.99901
1920,1645641347,47.74306,8.99901
1921,1645641352,47.74306,8.99901
1922,1645641357,47.74306,8.99901
1923,1645641362,47.74306,8.99901
1924,1645641367,47.74306,8.99901
1925,1645641372,47.74306,8.99900
1926,1645641377,47.74306,8.99900
1927,1645641382,47.74306,8.99900
1928,1645641387,47.74306,8.99900
1929,1645641392,47.74306,8.99900
1930,1645641397,47.74306,8.99900
1931,1645641402,47.74306,8.99900
1932,1645641407,47.74306,8.99900
1933,1645641412,47.74306,8.99900
1934,1645641417,47.74306,8.99900
1935,1645641422,47.74306,8.99900
1936,1645641427,47.74306,8.99900
1937,1645641432,47.74306,8.99900
1938,1645641437,47.74306,8.99900
1939,1645641442,47.74306,8.99900
1940,1645641447,47.74306,8.99900
1941,1645641452,47.74306,8.99900
1942,1645641457,47.74306,8.99900
1943,1645641462,47.74306,8.99900
1944,1645641467,47.74306,8.99900
1945,1645641472,47.74306,8.99900
1946,1645641477,47.74306,8.99900
1947,1645641482,47.74306,8.99900
1948,1645641487,47.74306,8.99900
1949,1645641492,47.74306,8.99900
1950,1645641497,47.74306,8.99900
1951,1645641502,47.74306,8.99900
1952,1645641507,47.74306,8.99900
1953,1645641512,47.74306,8.99900
1954,1645641517,47.74306,8.99900
1955,1645641522,47.74306,8.99900
1956,1645641527,47.74306,8.99900
1957,1645641532,47.74306,8.99899
1958,1645641537,47.74306,8.99899
1959,1645641542,47.74306,8.99899
1960,1645641547,47.74306,8.99899
1961,1645641552,47.74306,8.99899
1962,1645641557,47.74306,8.99899
1963,1645641562,47.74306,8.99899
1964,1645641567,47.74306,8.99899
1965,1645641572,47.74306,8.99899
1966,1645641577,47.74306,8.99899
1967,1645641582,47.74306,8.99899
1968,1645641587,47.74306,8.99899
1969,1645641592,47.74306,8.99899
1970,1645641597,47.74306,8.99899
1971,1645641602,47.74306,8.99898
1972,1645641607,47.74306,8.99898
1973,1645641670,47.74308,8.99896
1974,1645641675,47.74305,8.99900
1975,1645641681,47.74306,8.99900
1976,1645641686,47.74306,8.99901
1977,1645641691,47.74305,8.99901
1978,1645641696,47.74305,8.99901
1979,1645641701,47.74304,8.99900
1980,1645641706,47.74304,8.99900
1981,1645641711,47.74304,8.99899
1982,1645641716,47.74304,8.99899
1983,1645641721,47.74304,8.99899
1984,1645641726,47.74304,8.99899
1985,1645641731,47.74304,8.99900
1986,1645641736,47.74304,8.99900
1987,1645641803,47.74301,8.99893
1988,1645641808,47.74307,8.99896
1989,1645641814,47.74307,8.99895
1990,1645641881,47.74312,8.99893
1991,1645641886,47.74305,8.99898
1992,1645641892,47.74306,8.99897
1993,1645641897,47.74305,8.99897
1994,1645641902,47.74305,8.99897
1995,1645641907,47.74305,8.99896
1996,1645641912,47.74305,8.99897
1997,1645641917,47.74305,8.99897
1998,1645641922,47.74306,8.99897
1999,1645641927,47.74306,8.99897
2000,1645641932,47.74306,8.99897
2001,1645641937,47.74306,8.99897
2002,1645641942,47.74306,8.99897
2003,1645641947,47.74306,8.99897
2004,1645642011,47.74303,8.99893
2005,1645642016,47.74303,8.99896
2006,1645642021,47.74303,8.99896
2007,1645642027,47.74303,8.99898
2008,1645642032,47.74303,8.99898
2009,1645642037,47.74303,8.99897
2010,1645642042,47.74303,8.99896
2011,1645643263,47.74305,8.99904
2012,1645643268,47.74306,8.99902
2013,1645643274,47.74303,8.99898
2014,1645643279,47.74304,8.99896
2015,1645643284,47.74305,8.99896
2016,1645643289,47.74305,8.99895
2017,1645643294,47.74305,8.99895
2018,1645643299,47.74306,8.99895
2019,1645643304,47.74306,8.99895
2020,1645643309,47.74306,8.99895
2021,1645643314,47.74306,8.99895
2022,1645643319,47.74306,8.99895
2023,1645643383,47.74301,8.99902
2024,1645643388,47.74302,8.99901
2025,1645643393,47.74303,8.99900
2026,1645643399,47.74304,8.99899
2027,1645643404,47.74304,8.99899
2028,1645643470,47.74312,8.99903
2029,1645643475,47.74304,8.99898
2030,1645643481,47.74300,8.99898
2031,1645643486,47.74301,8.99898
2032,1645643491,47.74302,8.99898
2033,1645643555,47.74302,8.99890
2034,1645643560,47.74307,8.99898
2035,1645643566,47.74305,8.99899
2036,1645643631,47.74311,8.99888
2037,1645643636,47.74305,8.99891
2038,1645643641,47.74305,8.99894
2039,1645643647,47.74306,8.99895
2040,1645643714,47.74306,8.99892
2041,1645643719,47.74305,8.99895
2042,1645643724,47.74305,8.99895
2043,1645643792,47.74305,8.99898
2044,1645643797,47.74305,8.99896
2045,1645643802,47.74307,8.99897
2046,1645643868,47.74310,8.99897
2047,1645643873,47.74307,8.99896
2048,1645643942,47.74305,8.99892
2049,1645643947,47.74305,8.99888
2050,1645643952,47.74305,8.99889
2051,1645644016,47.74334,8.99920
2052,1645644021,47.74306,8.99900
2053,1645644027,47.74305,8.99900
2054,1645644094,47.74308,8.99901
2055,1645644160,47.74298,8.99887
2056,1645644165,47.74305,8.99901
2057,1645644171,47.74305,8.99902
2058,1645644238,47.74303,8.99898
2059,1645644243,47.74305,8.99895
2060,1645644310,47.74310,8.99893
2061,1645644315,47.74305,8.99893
2062,1645644383,47.74312,8.99908
2063,1645644388,47.74304,8.99895
2064,1645644458,47.74304,8.99896
2065,1645644526,47.74302,8.99896
2066,1645644531,47.74302,8.99896
2067,1645644595,47.74301,8.99892
2068,1645644600,47.74308,8.99896
2069,1645644669,47.74308,8.99898
2070,1645644736,47.74299,8.99895
2071,1645644741,47.74303,8.99894
2072,1645644747,47.74302,8.99896
2073,1645644811,47.74306,8.99900
2074,1645644816,47.74305,8.99898
2075,1645644884,47.74303,8.99896
2076,1645644889,47.74301,8.99893
2077,1645644954,47.74317,8.99910
2078,1645645023,47.74316,8.99890
2079,1645645028,47.74310,8.99892
2080,1645645095,47.74308,8.99891
2081,1645645100,47.74305,8.99892
2082,1645645169,47.74310,8.99888
2083,1645645235,47.74326,8.99855
2084,1645645240,47.74308,8.99888
2085,1645645308,47.74308,8.99894
2086,1645645313,47.74308,8.99893
2087,1645645378,47.74308,8.99894
2088,1645645443,47.74319,8.99881
2089,1645645511,47.74316,8.99882
2090,1645645516,47.74310,8.99890
2091,1645645587,47.74306,8.99889
2092,1645645655,47.74311,8.99894
2093,1645645721,47.74304,8.99903
2094,1645645789,47.74313,8.99891
2095,1645645794,47.74307,8.99894
2096,1645645861,47.74312,8.99872
2097,1645645994,47.74312,8.99904
2098,1645646063,47.74309,8.99903
2099,1645646198,47.74297,8.99888
2100,1645646264,47.74300,8.99902
2101,1645646331,47.74299,8.99899
2102,1645646399,47.74305,8.99884
2103,1645646465,47.74301,8.99903
2104,1645646534,47.74314,8.99887
2105,1645646667,47.74304,8.99868
2106,1645646869,47.74297,8.99891
2107,1645647001,47.74295,8.99886
2108,1645647137,47.74300,8.99895
2109,1645647203,47.74256,8.99920
2110,1645647267,47.74303,8.99900
2111,1645647399,47.74270,8.99920
2112,1645647532,47.74345,8.99876
2113,1645649941,47.74302,8.99905
***END MEMORY***
V108, ID: 30-5526, 3393mV, 01b
SETTINGS:
- Shutdown voltage: 3300 mV
- GPS frequency: 5 sec
- Accuracy: 2 (min. HDOP*10: 30)
- Activation delay: 60 sec
- Geofencing: 0
- ON time: always
-------------------
(0) Read memory again
(1) Reset memory
(2) Set shutdown voltage
(3) Set GPS frequency
(4) Set accuracy
(5) Set delay after activation
(6) Set ON/OFF hour
(7) Toggle geofencing ON/OFF
(8) Exit
-------------------
