---TICK-TAG---
*START MEMORY*
UVs: 222, TOs: 0/0, ErrorsOrGF: 0, TTFF: 108
Fixes: 176, Avg. TTF: 12 s, Avg. HDOP (x10): 18

count,timestamp,lat,lon
1,1646646620,47.74300,8.99904
2,1646646937,47.74302,8.99926
3,1646647258,47.74305,8.99914
4,1646647573,47.74306,8.99896
5,1646647895,47.74304,8.99884
6,1646648210,47.74306,8.99897
7,1646648533,47.74300,8.99875
8,1646648856,47.74294,8.99884
9,1646649179,47.74297,8.99887
10,1646649495,47.74287,8.99884
11,1646649832,47.74296,8.99894
12,1646650171,47.74305,8.99900
13,1646650488,47.74307,8.99885
14,1646650801,47.74310,8.99922
15,1646651114,47.74286,8.99899
16,1646651420,47.74318,8.99883
17,1646651738,47.74316,8.99906
18,1646652050,47.74317,8.99900
19,1646652362,47.74312,8.99903
20,1646652674,47.74315,8.99914
21,1646652986,47.74309,8.99900
22,1646653297,47.74320,8.99919
23,1646653605,47.74301,8.99856
24,1646653934,47.74322,8.99919
25,1646654245,47.74320,8.99913
26,1646654558,47.74311,8.99901
27,1646654896,47.74316,8.99903
28,1646655234,47.74323,8.99906
29,1646655570,47.74305,8.99901
30,1646655874,47.74304,8.99899
31,1646656179,47.74296,8.99891
32,1646656484,47.74308,8.99903
33,1646656788,47.74315,8.99910
34,1646657094,47.74263,8.99892
35,1646657399,47.74306,8.99902
36,1646657704,47.74310,8.99907
37,1646658011,47.74284,8.99912
38,1646658320,47.74288,8.99911
39,1646658625,47.74279,8.99916
40,1646658934,47.74297,8.99898
41,1646659252,47.74297,8.99903
42,1646659569,47.74303,8.99901
43,1646659886,47.74290,8.99902
44,1646660216,47.74297,8.99892
45,1646660531,47.74288,8.99896
46,1646660839,47.74287,8.99903
47,1646661152,47.74335,8.99876
48,1646661469,47.74315,8.99896
49,1646661780,47.74302,8.99905
50,1646662117,47.74318,8.99890
51,1646662448,47.74383,8.99889
52,1646662761,47.74290,8.99915
53,1646663076,47.74311,8.99905
54,1646663381,47.74288,8.99901
55,1646663695,47.74313,8.99888
56,1646664008,47.74308,8.99892
57,1646664334,47.74308,8.99892
58,1646664660,47.74301,8.99899
59,1646664966,47.74291,8.99890
60,1646665272,47.74301,8.99908
61,1646665581,47.74300,8.99877
62,1646665890,47.74290,8.99893
63,1646666198,47.74298,8.99889
64,1646666506,47.74296,8.99894
65,1646666816,47.74296,8.99889
66,1646667123,47.74298,8.99898
67,1646667429,47.74288,8.99895
68,1646667737,47.74302,8.99898
69,1646668044,47.74302,8.99905
70,1646668354,47.74218,8.99804
71,1646668665,47.74289,8.99895
72,1646668976,47.74310,8.99853
73,1646669287,47.74294,8.99885
74,1646669624,47.74301,8.99912
75,1646669945,47.74290,8.99906
76,1646670263,47.74293,8.99904
77,1646670595,47.74254,8.99952
78,1646670930,47.74307,8.99903
79,1646671240,47.74309,8.99918
80,1646671556,47.74306,8.99895
81,1646671871,47.74314,8.99892
82,1646672179,47.74302,8.99903
83,1646672487,47.74315,8.99909
84,1646672799,47.74311,8.99910
85,1646673109,47.74311,8.99898
86,1646673420,47.74311,8.99891
87,1646673730,47.74304,8.99909
88,1646674040,47.74312,8.99901
89,1646674350,47.74305,8.99891
90,1646674660,47.74308,8.99898
91,1646674970,47.74302,8.99906
92,1646675281,47.74297,8.99897
93,1646675593,47.74311,8.99898
94,1646675905,47.74312,8.99900
95,1646676218,47.74310,8.99900
96,1646676529,47.74306,8.99906
97,1646676841,47.74304,8.99915
98,1646677152,47.74303,8.99913
99,1646677465,47.74294,8.99904
100,1646677777,47.74297,8.99937
101,1646678092,47.74306,8.99902
102,1646678404,47.74306,8.99902
103,1646678718,47.74308,8.99894
104,1646679037,47.74301,8.99891
105,1646679357,47.74324,8.99884
106,1646679673,47.74304,8.99909
107,1646680003,47.74304,8.99882
108,1646680332,47.74314,8.99882
109,1646680675,47.74279,8.99877
110,1646680993,47.74304,8.99889
111,1646681311,47.74300,8.99900
112,1646681635,47.74307,8.99880
113,1646681947,47.74321,8.99884
114,1646682257,47.74319,8.99890
115,1646682574,47.74259,8.99865
116,1646682891,47.74304,8.99889
117,1646683207,47.74302,8.99894
118,1646683525,47.74298,8.99889
119,1646683843,47.74298,8.99890
120,1646684155,47.74300,8.99924
121,1646684467,47.74301,8.99907
122,1646684780,47.74312,8.99909
123,1646685093,47.74309,8.99889
124,1646685406,47.74311,8.99916
125,1646685719,47.74302,8.99884
126,1646686042,47.74286,8.99898
127,1646686380,47.74304,8.99894
128,1646686692,47.74296,8.99900
129,1646687002,47.74309,8.99894
130,1646687312,47.74306,8.99902
131,1646687622,47.74302,8.99908
132,1646687933,47.74316,8.99903
133,1646688245,47.74285,8.99882
134,1646688557,47.74325,8.99887
135,1646688878,47.74305,8.99897
136,1646689195,47.74307,8.99896
137,1646689513,47.74292,8.99894
138,1646689831,47.74304,8.99904
139,1646690150,47.74301,8.99894
140,1646690460,47.74305,8.99891
141,1646690771,47.74298,8.99901
142,1646691082,47.74278,8.99902
143,1646691393,47.74276,8.99905
144,1646691708,47.74298,8.99897
145,1646692028,47.74299,8.99896
146,1646692338,47.74324,8.99858
147,1646692658,47.74308,8.99897
148,1646692975,47.74296,8.99898
149,1646693291,47.74292,8.99912
150,1646693605,47.74281,8.99943
151,1646693923,47.74301,8.99902
152,1646694258,47.74308,8.99904
153,1646694578,47.74297,8.99894
154,1646694910,47.74319,9.00002
155,1646695255,47.74311,8.99896
156,1646695567,47.74304,8.99883
157,1646695877,47.74309,8.99879
158,1646696187,47.74297,8.99960
159,1646696506,47.74303,8.99921
160,1646696827,47.74304,8.99875
161,1646697141,47.74296,8.99944
162,1646697457,47.74307,8.99860
163,1646697776,47.74303,8.99872
164,1646698096,47.74306,8.99883
165,1646698419,47.74298,8.99920
166,1646698741,47.74307,8.99878
167,1646699069,47.74309,8.99874
168,1646699389,47.74317,8.99866
169,1646699709,47.74304,8.99929
170,1646700031,47.74312,8.99881
171,1646700350,47.74306,8.99879
172,1646700668,47.74305,8.99892
173,1646700998,47.74306,8.99881
174,1646701325,47.74297,8.99896
175,1646701663,47.74306,8.99891
176,1646701983,47.74297,8.99920
*END MEMORY*
V201, ID: 30-1830, 3572mV, 01b
SETTINGS:
- Min voltage: 3300 mV
- Frequency: 300 s
- Min HDOP (x10): 30
- Activation delay: 60 s
- Geofencing: 0
- Burst duration: 0 s
- No time

0 Read memory
1 Reset memory
2 Set min. voltage
3 Set frequency
4 Set accuracy
5 Set activation delay
6 Set times
7 Toggle geofencing ON/OFF
8 Set burst duration
9 Exit
