---TICK-TAG---
*START MEMORY*
UVs: 75, TOs: 0/0, ErrorsOrGF: 1, TTFF: 79
Fixes: 91, Avg. TTF: 13 s, Avg. HDOP (x10): 17

count,timestamp,lat,lon
1,1646984732,47.74302,8.99898
2,1646985042,47.74316,8.99874
3,1646985358,47.74302,8.99884
4,1646985670,47.74298,8.99900
5,1646985984,47.74309,8.99901
6,1646986296,47.74288,8.99888
7,1646986610,47.74299,8.99891
8,1646986927,47.74313,8.99900
9,1646987253,47.74306,8.99908
10,1646987578,47.74297,8.99891
11,1646987899,47.74307,8.99891
12,1646988215,47.74318,8.99905
13,1646988528,47.74338,8.99901
14,1646988842,47.74344,8.99896
15,1646989156,47.74328,8.99898
16,1646989486,47.74304,8.99902
17,1646989819,47.74314,8.99802
18,1646990146,47.74273,8.99926
19,1646990469,47.74304,8.99896
20,1646990789,47.74328,8.99895
21,1646991107,47.74317,8.99898
22,1646991450,47.74305,8.99907
23,1646991760,47.74308,8.99903
24,1646992073,47.74301,8.99894
25,1646992385,47.74307,8.99888
26,1646992695,47.74280,8.99876
27,1646993012,47.74306,8.99906
28,1646993333,47.74302,8.99910
29,1646993653,47.74297,8.99906
30,1646993977,47.74288,8.99863
31,1646994306,47.74290,8.99903
32,1646994618,47.74301,8.99913
33,1646994952,47.74263,8.99823
34,1646995272,47.74292,8.99955
35,1646995675,47.74314,8.99899
36,1646995983,47.74313,8.99894
37,1646996291,47.74315,8.99888
38,1646996601,47.74309,8.99898
39,1646996909,47.74302,8.99909
40,1646997218,47.74311,8.99901
41,1646997525,47.74319,8.99911
42,1646997833,47.74299,8.99915
43,1646998147,47.74305,8.99887
44,1646998458,47.74307,8.99891
45,1646998772,47.74309,8.99894
46,1646999085,47.74308,8.99875
47,1646999397,47.74303,8.99873
48,1646999709,47.74314,8.99874
49,1647000019,47.74245,8.99727
50,1647000347,47.74290,8.99908
51,1647000657,47.74311,8.99888
52,1647000973,47.74304,8.99907
53,1647001283,47.74265,8.99829
54,1647001620,47.74301,8.99904
55,1647001928,47.74299,8.99899
56,1647002235,47.74340,8.99898
57,1647002543,47.74299,8.99901
58,1647002852,47.74304,8.99897
59,1647003172,47.74283,8.99913
60,1647003488,47.74302,8.99900
61,1647003806,47.74308,8.99900
62,1647004123,47.74305,8.99900
63,1647004442,47.74297,8.99901
64,1647004759,47.74301,8.99899
65,1647005077,47.74314,8.99902
66,1647005395,47.74317,8.99896
67,1647005729,47.74289,8.99890
68,1647006051,47.74325,8.99885
69,1647006363,47.74336,8.99876
70,1647006701,47.74321,8.99892
71,1647007028,47.74299,8.99897
72,1647007341,47.74330,8.99879
73,1647007654,47.74308,8.99886
74,1647007965,47.74320,8.99884
75,1647008278,47.74306,8.99896
76,1647008599,47.74306,8.99880
77,1647008920,47.74300,8.99897
78,1647009258,47.74297,8.99892
79,1647009576,47.74322,8.99888
80,1647009895,47.74302,8.99899
81,1647010213,47.74306,8.99897
82,1647010528,47.74312,8.99872
83,1647010849,47.74280,8.99900
84,1647011163,47.74339,8.99870
85,1647011485,47.74275,8.99917
86,1647011804,47.74293,8.99897
87,1647012150,47.74302,8.99897
88,1647023781,47.74311,8.99896
89,1647024353,47.74306,8.99901
90,1647024730,47.74303,8.99889
91,1647025238,47.74203,8.99891
*END MEMORY*
V201, ID: 30-302D, 3366mV, 01b
SETTINGS:
- Min voltage: 3300 mV
- Frequency: 300 s
- Min HDOP (x10): 30
- Activation delay: 60 s
- Geofencing: 0
- Burst duration: 0 s
- No time

0 Read memory
1 Reset memory
2 Set min. voltage
3 Set frequency
4 Set accuracy
5 Set activation delay
6 Set times
7 Toggle geofencing ON/OFF
8 Set burst duration
9 Exit
Bye! Sleeping until activation (by pressing button again)
