---TICK-TAG---
***START MEMORY***
UVs: 0, TOs: 0/0, ErrorsOrGF: 0, TTFF: 0
EMPTY
***END MEMORY***
V103, ID: 51-2617, 4202mV
SETTINGS:
- Shutdown voltage: 3300 mV
- GPS frequency: 1 sec
- Accuracy mode: 3 (min. HDOP*10: 40)
- Activation delay: 30 sec
- ON time: 20:40 - 5:00 UTC
-------------------
(0) Read memory again
(1) Reset memory
(2) Set shutdown voltage
(3) Set GPS frequency
(4) Set accuracy
(5) Set delay after activation
(6) Set ON/OFF hour
(7) Exit
-------------------


-------------

1692 $GPRMC,235942.800,V,,,,,0.00,0.00,050180,,,N*42
$GPGGA,235942.800,,,,,0,0,,,M,,M,,*4B

3T0F0H0T0
---TICK-TAG---
***START MEMORY***
UVs: 4, TOs: 0/12, ErrorsOrGF: 0, TTFF: 98
Fixes: 29, Avg. time to fix: 45 s, Avg. HDOP (x10): 27

count,timestamp,lat,lon
1,1625532033,49.02462,8.26659
2,1625532101,49.02156,8.27117
3,1625532166,49.01885,8.27487
4,1625532230,49.01687,8.27974
5,1625532297,49.01312,8.28592
6,1625532361,49.01001,8.29082
7,1625532425,49.00731,8.29530
8,1625532496,49.00305,8.30198
9,1625532565,48.99972,8.30650
10,1625532628,48.99567,8.31002
11,1625532700,48.99033,8.31516
12,1625532811,48.98770,8.31823
13,1625532970,48.98718,8.31908
14,1625533110,48.98776,8.31896
15,1625533220,48.98807,8.31368
16,1625533329,48.98804,8.31638
17,1625533474,48.98752,8.31382
18,1625533665,48.98589,8.31287
19,1625533829,48.98678,8.31003
20,1625533985,48.98797,8.31446
21,1625534112,48.98923,8.31919
22,1625534369,48.98769,8.31810
23,1625534438,48.98887,8.31952
24,1625534521,48.98928,8.31882
25,1625534711,48.98579,8.31713
26,1625534783,48.98147,8.32016
27,1625534855,48.97719,8.32419
28,1625534926,48.97246,8.32813
29,1625534999,48.96804,8.33097
***END MEMORY***
V103, ID: 51-2839, 3498mV
SETTINGS:
- Shutdown voltage: 3300 mV
- GPS frequency: 60 sec
- Accuracy mode: 3 (min. HDOP*10: 40)
- Activation delay: 30 sec
- ON time: 20:40 - 5:00 UTC
-------------------
(0) Read memory again
(1) Reset memory
(2) Set shutdown voltage
(3) Set GPS frequency
(4) Set accuracy
(5) Set delay after activation
(6) Set ON/OFF hour
(7) Exit
-------------------

----------------

---TICK-TAG---
***START MEMORY***
UVs: 0, TOs: 0/0, ErrorsOrGF: 0, TTFF: 0
EMPTY
***END MEMORY***
V103, ID: 30-3001, 4211mV
SETTINGS:
- Shutdown voltage: 3300 mV
- GPS frequency: 60 sec
- Accuracy mode: 3 (min. HDOP*10: 40)
- Activation delay: 30 sec
- ON time: 20:40 - 5:00 UTC
-------------------
(0) Read memory again
(1) Reset memory
(2) Set shutdown voltage
(3) Set GPS frequency
(4) Set accuracy
(5) Set delay after activation
(6) Set ON/OFF hour
(7) Exit
-------------------
Timeout. Sleeping until re-activation (by pressing download button again)

------------------

---TICK-TAG---
***START MEMORY***
UVs: 26, TOs: 0/0, ErrorsOrGF: 0, TTFF: 157
Fixes: 410, Avg. time to fix: 10 s, Avg. HDOP (x10): 22

count,timestamp,lat,lon
1,1625517751,48.95857,8.31896
2,1625517785,48.95783,8.31765
3,1625517819,48.95762,8.31646
4,1625517856,48.95806,8.31370
5,1625517889,48.95775,8.31159
6,1625517923,48.95687,8.30984
7,1625517957,48.95565,8.30841
8,1625517990,48.95438,8.30678
9,1625518023,48.95333,8.30579
10,1625518056,48.95165,8.30482
11,1625518090,48.95001,8.30472
12,1625518123,48.94858,8.30553
13,1625518157,48.94711,8.30644
14,1625518191,48.94562,8.30771
15,1625518224,48.94407,8.30791
16,1625518257,48.94210,8.30755
17,1625518290,48.94035,8.30707
18,1625518323,48.93843,8.30676
19,1625518357,48.93738,8.30701
20,1625518399,48.93637,8.30756
21,1625518433,48.93557,8.30760
22,1625518467,48.93509,8.30653
23,1625518501,48.93448,8.30685
24,1625518542,48.93314,8.30727
25,1625518582,48.93316,8.30789
26,1625518622,48.93315,8.30779
27,1625518665,48.93279,8.30801
28,1625518714,48.93273,8.30933
29,1625518756,48.93218,8.30953
30,1625518795,48.93094,8.31067
31,1625518838,48.93067,8.31125
32,1625518890,48.92934,8.31169
33,1625518931,48.93043,8.31165
34,1625518985,48.92942,8.31094
35,1625519019,48.92901,8.31042
36,1625519052,48.92952,8.30869
37,1625519086,48.92933,8.30610
38,1625519120,48.92935,8.30341
39,1625519153,48.92880,8.30085
40,1625519187,48.92855,8.29807
41,1625519221,48.92765,8.29580
42,1625519255,48.92760,8.29334
43,1625519289,48.92686,8.29188
44,1625519324,48.92626,8.29010
45,1625519359,48.92624,8.28862
46,1625519393,48.92589,8.28797
47,1625519427,48.92637,8.28707
48,1625519462,48.92619,8.28679
49,1625519496,48.92620,8.28609
50,1625519530,48.92609,8.28606
51,1625519564,48.92652,8.28523
52,1625519598,48.92640,8.28619
53,1625519633,48.92619,8.28615
54,1625519667,48.92640,8.28538
55,1625519700,48.92605,8.28537
56,1625519734,48.92607,8.28675
57,1625519769,48.92555,8.28735
58,1625519803,48.92576,8.28772
59,1625519838,48.92618,8.28739
60,1625519873,48.92592,8.28708
61,1625519907,48.92595,8.28711
62,1625519942,48.92590,8.28723
63,1625519976,48.92594,8.28675
64,1625520010,48.92571,8.28770
65,1625520044,48.92561,8.28866
66,1625520078,48.92599,8.28763
67,1625520112,48.92548,8.28721
68,1625520146,48.92609,8.28633
69,1625520181,48.92687,8.28617
70,1625520223,48.92720,8.28522
71,1625520258,48.92649,8.28488
72,1625520292,48.92585,8.28624
73,1625520326,48.92556,8.28765
74,1625520360,48.92562,8.28872
75,1625520394,48.92537,8.28738
76,1625520429,48.92633,8.28741
77,1625520463,48.92751,8.28696
78,1625520497,48.92993,8.28571
79,1625520530,48.93229,8.28474
80,1625520568,48.93463,8.28563
81,1625520603,48.93583,8.28785
82,1625520638,48.93587,8.28890
83,1625520672,48.93633,8.28922
84,1625520707,48.93641,8.28931
85,1625520743,48.93641,8.28973
86,1625520779,48.93634,8.28942
87,1625520814,48.93690,8.28974
88,1625520849,48.93634,8.28896
89,1625520883,48.93568,8.29062
90,1625520918,48.93693,8.28965
91,1625520953,48.93646,8.28983
92,1625520989,48.93643,8.28980
93,1625521024,48.93612,8.28962
94,1625521059,48.93621,8.28981
95,1625521094,48.93606,8.28938
96,1625521130,48.93712,8.28993
97,1625521166,48.93773,8.28950
98,1625521203,48.93897,8.28750
99,1625521236,48.94145,8.28599
100,1625521272,48.94285,8.28490
101,1625521316,48.94594,8.28142
102,1625521350,48.94734,8.28044
103,1625521383,48.94914,8.27796
104,1625521418,48.95011,8.27509
105,1625521451,48.95137,8.27298
106,1625521484,48.95211,8.27126
107,1625521516,48.95426,8.26843
108,1625521549,48.95573,8.26687
109,1625521582,48.95730,8.26501
110,1625521617,48.95867,8.26255
111,1625521653,48.96025,8.26021
112,1625521686,48.96129,8.25829
113,1625521743,48.96120,8.25700
114,1625521789,48.96134,8.25745
115,1625521834,48.96148,8.25731
116,1625521888,48.96212,8.25712
117,1625521927,48.96104,8.25741
118,1625521969,48.96129,8.25731
119,1625522002,48.96114,8.25804
120,1625522053,48.96113,8.25693
121,1625522095,48.96153,8.25722
122,1625522142,48.96145,8.25615
123,1625522182,48.96202,8.25455
124,1625522235,48.96284,8.25466
125,1625522269,48.96252,8.25592
126,1625522328,48.96349,8.25650
127,1625522370,48.96390,8.25579
128,1625522430,48.96324,8.25594
129,1625522470,48.96324,8.25507
130,1625522510,48.96314,8.25520
131,1625522551,48.96291,8.25447
132,1625522613,48.96314,8.25355
133,1625522648,48.96337,8.25401
134,1625522698,48.96289,8.25479
135,1625522746,48.96376,8.25294
136,1625522817,48.96277,8.25608
137,1625522881,48.96496,8.25361
138,1625522917,48.96471,8.25508
139,1625522965,48.96472,8.25619
140,1625523030,48.96286,8.25843
141,1625523122,48.96486,8.25424
142,1625523199,48.96221,8.25713
143,1625523234,48.96291,8.25542
144,1625523271,48.96289,8.25452
145,1625523310,48.96260,8.25457
146,1625523355,48.96303,8.25497
147,1625523395,48.96280,8.25394
148,1625523434,48.96265,8.25472
149,1625523478,48.96247,8.25590
150,1625523528,48.96258,8.25471
151,1625523601,48.96139,8.25763
152,1625523642,48.96123,8.25667
153,1625523680,48.96122,8.25684
154,1625523720,48.96061,8.25726
155,1625523755,48.96157,8.25703
156,1625523828,48.96140,8.25640
157,1625523864,48.96123,8.25789
158,1625523936,48.96186,8.25906
159,1625523971,48.96090,8.26064
160,1625524013,48.96156,8.25843
161,1625524055,48.96128,8.25828
162,1625524106,48.96106,8.25729
163,1625524170,48.96306,8.25201
164,1625524245,48.96336,8.25041
165,1625524306,48.96283,8.25415
166,1625524399,48.96313,8.25506
167,1625524489,48.96279,8.25476
168,1625524549,48.96305,8.25394
169,1625524603,48.96297,8.25547
170,1625524915,48.96777,8.25674
171,1625524957,48.96846,8.25636
172,1625525016,48.96876,8.25649
173,1625525071,48.96868,8.25692
174,1625525136,48.96880,8.25768
175,1625525181,48.96900,8.25852
176,1625525280,48.96856,8.25623
177,1625525322,48.96877,8.25674
178,1625525362,48.96874,8.25713
179,1625525402,48.96858,8.25686
180,1625525446,48.96868,8.25617
181,1625525483,48.96870,8.25636
182,1625525518,48.96933,8.25633
183,1625525552,48.96893,8.25585
184,1625525585,48.96911,8.25656
185,1625525621,48.97030,8.25694
186,1625525655,48.97056,8.25710
187,1625525688,48.97159,8.25689
188,1625525721,48.97269,8.25818
189,1625525762,48.97289,8.25892
190,1625525823,48.97305,8.25939
191,1625525888,48.97267,8.25889
192,1625525947,48.97292,8.25871
193,1625525990,48.97313,8.25893
194,1625526046,48.97365,8.25929
195,1625526083,48.97304,8.25915
196,1625526121,48.97324,8.26057
197,1625526155,48.97358,8.26032
198,1625526203,48.97451,8.26081
199,1625526239,48.97500,8.25947
200,1625526272,48.97475,8.25798
201,1625526305,48.97303,8.25755
202,1625526340,48.97194,8.25781
203,1625526379,48.97188,8.25801
204,1625526418,48.97118,8.25840
205,1625526455,48.97073,8.25745
206,1625526490,48.97001,8.25672
207,1625526526,48.96887,8.25597
208,1625526562,48.96814,8.25624
209,1625526599,48.96749,8.25657
210,1625526632,48.96689,8.25650
211,1625526665,48.96593,8.25538
212,1625526700,48.96468,8.25410
213,1625526740,48.96404,8.25485
214,1625526778,48.96405,8.25476
215,1625526812,48.96358,8.25395
216,1625526846,48.96276,8.25397
217,1625526883,48.96290,8.25401
218,1625526917,48.96315,8.25318
219,1625526991,48.96300,8.25325
220,1625527030,48.96255,8.25328
221,1625527067,48.96286,8.25351
222,1625527117,48.96319,8.25310
223,1625527162,48.96326,8.25353
224,1625527202,48.96337,8.25287
225,1625527241,48.96405,8.25270
226,1625527276,48.96296,8.25354
227,1625527324,48.96319,8.25301
228,1625527365,48.96285,8.25355
229,1625527401,48.96264,8.25368
230,1625527434,48.96289,8.25338
231,1625527480,48.96310,8.25333
232,1625527523,48.96360,8.25342
233,1625527577,48.96307,8.25333
234,1625527612,48.96260,8.25461
235,1625527649,48.96247,8.25534
236,1625527690,48.96130,8.25643
237,1625527726,48.96102,8.25662
238,1625527772,48.96091,8.25756
239,1625527811,48.96084,8.25732
240,1625527849,48.96104,8.25842
241,1625527884,48.96111,8.25931
242,1625527918,48.96137,8.26010
243,1625527952,48.95973,8.26194
244,1625527986,48.95808,8.26340
245,1625528020,48.95663,8.26515
246,1625528055,48.95498,8.26669
247,1625528089,48.95343,8.26859
248,1625528122,48.95215,8.27051
249,1625528156,48.95084,8.27217
250,1625528190,48.94918,8.27379
251,1625528224,48.94780,8.27548
252,1625528258,48.94662,8.27713
253,1625528292,48.94527,8.27897
254,1625528326,48.94398,8.28069
255,1625528360,48.94235,8.28275
256,1625528394,48.94089,8.28467
257,1625528428,48.93891,8.28625
258,1625528462,48.93714,8.28784
259,1625528496,48.93625,8.28937
260,1625528531,48.93617,8.28967
261,1625528565,48.93630,8.28979
262,1625528599,48.93639,8.28952
263,1625528633,48.93659,8.28980
264,1625528667,48.93627,8.28974
265,1625528701,48.93662,8.28999
266,1625528735,48.93619,8.28953
267,1625528769,48.93601,8.28933
268,1625528803,48.93625,8.28942
269,1625528837,48.93594,8.28933
270,1625528871,48.93609,8.28981
271,1625528905,48.93674,8.28975
272,1625528939,48.93724,8.28969
273,1625528973,48.93672,8.28916
274,1625529007,48.93639,8.28954
275,1625529041,48.93706,8.28943
276,1625529076,48.93661,8.28907
277,1625529110,48.93648,8.28926
278,1625529144,48.93642,8.28924
279,1625529178,48.93616,8.28956
280,1625529212,48.93653,8.28949
281,1625529246,48.93649,8.28977
282,1625529280,48.93633,8.28978
283,1625529314,48.93664,8.28917
284,1625529348,48.93646,8.28886
285,1625529382,48.93605,8.28906
286,1625529416,48.93635,8.28864
287,1625529450,48.93618,8.28979
288,1625529484,48.93635,8.28988
289,1625529518,48.93618,8.28964
290,1625529552,48.93580,8.29019
291,1625529586,48.93603,8.28919
292,1625529620,48.93619,8.28857
293,1625529654,48.93590,8.28887
294,1625529689,48.93560,8.28909
295,1625529722,48.93572,8.28987
296,1625529756,48.93544,8.28942
297,1625529791,48.93557,8.28889
298,1625529825,48.93628,8.28857
299,1625529859,48.93622,8.28895
300,1625529893,48.93594,8.28941
301,1625529927,48.93627,8.28966
302,1625529961,48.93685,8.28958
303,1625529995,48.93627,8.28942
304,1625530029,48.93641,8.28960
305,1625530063,48.93583,8.29025
306,1625530097,48.93664,8.28966
307,1625530131,48.93594,8.29023
308,1625530165,48.93733,8.28863
309,1625530199,48.93643,8.28990
310,1625530233,48.93575,8.29075
311,1625530267,48.93619,8.28861
312,1625530301,48.93620,8.28850
313,1625530335,48.93547,8.28950
314,1625530369,48.93693,8.28830
315,1625530414,48.93608,8.28975
316,1625530458,48.93659,8.28995
317,1625530494,48.93628,8.28976
318,1625530528,48.93604,8.28934
319,1625530564,48.93582,8.28869
320,1625530600,48.93592,8.28885
321,1625530636,48.93546,8.28927
322,1625530672,48.93391,8.28826
323,1625530708,48.93194,8.28914
324,1625530744,48.93013,8.28835
325,1625530886,48.92783,8.28401
326,1625530939,48.92775,8.28373
327,1625530996,48.92792,8.28356
328,1625531050,48.92815,8.28333
329,1625531123,48.92803,8.28340
330,1625531185,48.92783,8.28389
331,1625531272,48.92607,8.28658
332,1625531320,48.92624,8.28537
333,1625531366,48.92599,8.28582
334,1625531414,48.92651,8.28708
335,1625531461,48.92647,8.28877
336,1625531507,48.92585,8.28844
337,1625531552,48.92581,8.28802
338,1625531596,48.92589,8.28876
339,1625531640,48.92600,8.28794
340,1625531682,48.92564,8.28661
341,1625531728,48.92561,8.28771
342,1625531771,48.92606,8.28863
343,1625531817,48.92596,8.28724
344,1625531852,48.92585,8.28694
345,1625531887,48.92610,8.28675
346,1625531924,48.92647,8.28599
347,1625531957,48.92612,8.28746
348,1625531990,48.92567,8.28725
349,1625532036,48.92635,8.28725
350,1625532082,48.92661,8.28556
351,1625532116,48.92616,8.28610
352,1625532162,48.92594,8.28856
353,1625532208,48.92665,8.29067
354,1625532254,48.92831,8.29273
355,1625532299,48.93056,8.29359
356,1625532335,48.93207,8.29405
357,1625532369,48.93358,8.29214
358,1625532405,48.93502,8.29071
359,1625532441,48.93626,8.28966
360,1625532477,48.93640,8.28984
361,1625532522,48.93636,8.28974
362,1625532559,48.93664,8.28996
363,1625532594,48.93594,8.28951
364,1625532628,48.93601,8.28890
365,1625532661,48.93631,8.28786
366,1625532694,48.93660,8.28945
367,1625532729,48.93683,8.28944
368,1625532763,48.93701,8.28986
369,1625532796,48.93657,8.28928
370,1625532831,48.93606,8.28977
371,1625532867,48.93628,8.28967
372,1625532902,48.93643,8.28989
373,1625532937,48.93645,8.28961
374,1625532972,48.93632,8.28967
375,1625533006,48.93613,8.28958
376,1625533041,48.93597,8.28942
377,1625533076,48.93634,8.28954
378,1625533110,48.93644,8.28998
379,1625533144,48.93602,8.28940
380,1625533179,48.93609,8.28976
381,1625533220,48.93624,8.28969
382,1625533262,48.93649,8.28999
383,1625533303,48.93589,8.28955
384,1625533344,48.93592,8.28856
385,1625533386,48.93670,8.28933
386,1625533427,48.93689,8.28932
387,1625533469,48.93589,8.28968
388,1625533511,48.93603,8.28892
389,1625533553,48.93610,8.28959
390,1625533594,48.93599,8.28966
391,1625533635,48.93596,8.28891
392,1625533676,48.93624,8.28898
393,1625533717,48.93631,8.28880
394,1625533758,48.93598,8.28942
395,1625533800,48.93589,8.28947
396,1625533840,48.93655,8.28996
397,1625533880,48.93653,8.28976
398,1625533921,48.93610,8.28966
399,1625533971,48.93585,8.28944
400,1625534013,48.93641,8.28969
401,1625534064,48.93661,8.28910
402,1625534105,48.93622,8.28952
403,1625534146,48.93585,8.28961
404,1625534188,48.93653,8.28916
405,1625534229,48.93585,8.28980
406,1625534272,48.93529,8.29330
407,1625534313,48.93442,8.29658
408,1625534355,48.93336,8.29985
409,1625534396,48.93241,8.30338
410,1625534437,48.93158,8.30713
***END MEMORY***
V103, ID: 30-421F, 3625mV
SETTINGS:
- Shutdown voltage: 3300 mV
- GPS frequency: 30 sec
- Accuracy mode: 3 (min. HDOP*10: 40)
- Activation delay: 30 sec
- ON time: 20:40 - 5:00 UTC
-------------------
(0) Read memory again
(1) Reset memory
(2) Set shutdown voltage
(3) Set GPS frequency
(4) Set accuracy
(5) Set delay after activation
(6) Set ON/OFF hour
(7) Exit
-------------------

------------------------


---TICK-TAG---
***START MEMORY***
UVs: 0, TOs: 0/0, ErrorsOrGF: 0, TTFF: 0
EMPTY
***END MEMORY***
V103, ID: 51-2841, 4234mV
SETTINGS:
- Shutdown voltage: 3300 mV
- GPS frequency: 1 sec
- Accuracy mode: 3 (min. HDOP*10: 40)
- Activation delay: 30 sec
- ON time: 20:40 - 5:00 UTC
-------------------
(0) Read memory again
(1) Reset memory
(2) Set shutdown voltage
(3) Set GPS frequency
(4) Set accuracy
(5) Set delay after activation
(6) Set ON/OFF hour
(7) Exit
-------------------
Timeout. Sleeping until re-activation (by pressing download button again)


-----

---TICK-TAG---
***START MEMORY***
UVs: 0, TOs: 0/0, ErrorsOrGF: 0, TTFF: 0
EMPTY
***END MEMORY***
V103, ID: 51-2841, 4234mV
SETTINGS:
- Shutdown voltage: 3300 mV
- GPS frequency: 1 sec
- Accuracy mode: 3 (min. HDOP*10: 40)
- Activation delay: 30 sec
- ON time: 20:40 - 5:00 UTC
-------------------
(0) Read memory again
(1) Reset memory
(2) Set shutdown voltage
(3) Set GPS frequency
(4) Set accuracy
(5) Set delay after activation
(6) Set ON/OFF hour
(7) Exit
-------------------
Timeout. Sleeping until re-activation (by pressing download button again)
---TICK-TAG---
***START MEMORY***
UVs: 0, TOs: 0/0, ErrorsOrGF: 0, TTFF: 0
EMPTY
***END MEMORY***
V103, ID: 30-132E, 4206mV
SETTINGS:
- Shutdown voltage: 3300 mV
- GPS frequency: 1 sec
- Accuracy mode: 3 (min. HDOP*10: 40)
- Activation delay: 30 sec
- ON time: 20:40 - 5:00 UTC
-------------------
(0) Read memory again
(1) Reset memory
(2) Set shutdown voltage
(3) Set GPS frequency
(4) Set accuracy
(5) Set delay after activation
(6) Set ON/OFF hour
(7) Exit
-------------------

-----

---TICK-TAG---
***START MEMORY***
UVs: 0, TOs: 0/0, ErrorsOrGF: 0, TTFF: 0
Fixes: 4, Avg. time to fix: 180 s, Avg. HDOP (x10): 80

count,timestamp,lat,lon
1,1625518433,48.97347,8.36795
2,1625518647,48.97333,8.36784
3,1625518831,48.97387,8.36923
4,1625518978,48.97422,8.36893
***END MEMORY***
V103, ID: 51-1C1D, 4187mV
SETTINGS:
- Shutdown voltage: 3300 mV
- GPS frequency: 30 sec
- Accuracy mode: 3 (min. HDOP*10: 40)
- Activation delay: 30 sec
- ON time: 20:40 - 5:00 UTC
-------------------
(0) Read memory again
(1) Reset memory
(2) Set shutdown voltage
(3) Set GPS frequency
(4) Set accuracy
(5) Set delay after activation
(6) Set ON/OFF hour
(7) Exit
-------------------


-----

---TICK-TAG---
***START MEMORY***
UVs: 3, TOs: 0/4, ErrorsOrGF: 0, TTFF: 91
Fixes: 241, Avg. time to fix: 15 s, Avg. HDOP (x10): 16

count,timestamp,lat,lon
1,1625518909,48.97748,8.30403
2,1625518946,48.97733,8.30414
3,1625518994,48.97721,8.30407
4,1625519041,48.97684,8.30421
5,1625519084,48.97675,8.30422
6,1625519137,48.97570,8.30490
7,1625519187,48.97702,8.30437
8,1625519224,48.97699,8.30419
9,1625519270,48.97710,8.30427
10,1625519325,48.97706,8.30421
11,1625519367,48.97716,8.30423
12,1625519416,48.97594,8.30461
13,1625519449,48.97535,8.30504
14,1625519491,48.97498,8.30675
15,1625519533,48.97316,8.30939
16,1625519575,48.97258,8.31249
17,1625519617,48.97284,8.31560
18,1625519680,48.97335,8.31588
19,1625519714,48.97345,8.31580
20,1625519765,48.97340,8.31592
21,1625519800,48.97368,8.31588
22,1625519837,48.97340,8.31553
23,1625519873,48.97348,8.31569
24,1625519925,48.97352,8.31555
25,1625519977,48.97277,8.31576
26,1625520025,48.97482,8.31467
27,1625520080,48.97344,8.31539
28,1625520133,48.97310,8.31557
29,1625520194,48.97316,8.31588
30,1625520241,48.97374,8.31515
31,1625520335,48.97329,8.31661
32,1625520404,48.97341,8.31525
33,1625520464,48.97352,8.31536
34,1625520515,48.97325,8.31556
35,1625520560,48.97425,8.31597
36,1625520601,48.97345,8.31571
37,1625520643,48.97281,8.31754
38,1625520685,48.97180,8.31871
39,1625520727,48.97081,8.32028
40,1625520762,48.97018,8.32155
41,1625520805,48.96841,8.32379
42,1625520859,48.96860,8.32514
43,1625520901,48.96751,8.32681
44,1625520949,48.96761,8.32678
45,1625520992,48.96671,8.32949
46,1625521026,48.96631,8.33155
47,1625521061,48.96597,8.33330
48,1625521111,48.96517,8.33590
49,1625521163,48.96609,8.33565
50,1625521221,48.96555,8.33568
51,1625523894,48.96561,8.33559
52,1625525206,48.96565,8.33564
53,1625525290,48.96540,8.33427
54,1625525345,48.96655,8.32880
55,1625525409,48.96800,8.32532
56,1625525466,48.97028,8.32084
57,1625525521,48.97307,8.31625
58,1625525595,48.97343,8.31599
59,1625525657,48.97353,8.31585
60,1625525722,48.97332,8.31571
61,1625525908,48.97317,8.31554
62,1625525947,48.97313,8.31517
63,1625526011,48.97325,8.31595
64,1625526098,48.97316,8.31529
65,1625526148,48.97311,8.31552
66,1625526184,48.97338,8.31542
67,1625526218,48.97338,8.31595
68,1625526253,48.97366,8.31595
69,1625526287,48.97274,8.31447
70,1625526323,48.97358,8.31550
71,1625526362,48.97341,8.31534
72,1625526404,48.97336,8.31565
73,1625526440,48.97324,8.31581
74,1625526481,48.97342,8.31548
75,1625526518,48.97355,8.31515
76,1625526554,48.97300,8.31584
77,1625526591,48.97383,8.31488
78,1625526627,48.97322,8.31574
79,1625526663,48.97323,8.31571
80,1625526701,48.97334,8.31546
81,1625526743,48.97342,8.31549
82,1625526780,48.97341,8.31576
83,1625526814,48.97349,8.31588
84,1625526849,48.97355,8.31604
85,1625526884,48.97327,8.31575
86,1625526920,48.97343,8.31578
87,1625526967,48.97286,8.31636
88,1625527007,48.97344,8.31530
89,1625527052,48.97331,8.31556
90,1625527093,48.97383,8.31493
91,1625527134,48.97333,8.31588
92,1625527173,48.97358,8.31551
93,1625527211,48.97335,8.31560
94,1625527255,48.97345,8.31553
95,1625527297,48.97278,8.31631
96,1625527339,48.97281,8.31628
97,1625527376,48.97343,8.31557
98,1625527412,48.97332,8.31583
99,1625527450,48.97335,8.31579
100,1625527484,48.97337,8.31558
101,1625527517,48.97239,8.31453
102,1625527551,48.97237,8.31450
103,1625527586,48.97150,8.31299
104,1625527621,48.97103,8.31025
105,1625527654,48.97079,8.30969
106,1625527688,48.97055,8.30961
107,1625527723,48.96905,8.30836
108,1625527757,48.96985,8.30736
109,1625527791,48.96932,8.30567
110,1625527825,48.97040,8.30485
111,1625527859,48.97190,8.30561
112,1625527902,48.97251,8.30841
113,1625527936,48.97209,8.31102
114,1625527970,48.97229,8.31336
115,1625528004,48.97331,8.31527
116,1625528043,48.97350,8.31600
117,1625528077,48.97352,8.31592
118,1625528118,48.97363,8.31576
119,1625528163,48.97369,8.31676
120,1625528222,48.97355,8.31596
121,1625528268,48.97332,8.31576
122,1625528313,48.97311,8.31510
123,1625528349,48.97301,8.31498
124,1625528383,48.97330,8.31459
125,1625528417,48.97298,8.31511
126,1625528451,48.97451,8.31637
127,1625528489,48.97318,8.31539
128,1625528523,48.97364,8.31552
129,1625528559,48.97189,8.31452
130,1625528595,48.96999,8.31607
131,1625528630,48.96851,8.31752
132,1625528666,48.96691,8.31914
133,1625528699,48.96548,8.32055
134,1625528735,48.96360,8.32258
135,1625528775,48.96195,8.32512
136,1625528813,48.96121,8.32785
137,1625528850,48.96067,8.33062
138,1625528889,48.96047,8.33338
139,1625528936,48.95856,8.33574
140,1625528981,48.95799,8.33662
141,1625529023,48.95738,8.33619
142,1625529073,48.95597,8.33677
143,1625529122,48.95483,8.33597
144,1625529159,48.95535,8.33679
145,1625529197,48.95536,8.33781
146,1625529231,48.95438,8.33946
147,1625529265,48.95416,8.34119
148,1625529349,48.95300,8.34359
149,1625529389,48.95286,8.34546
150,1625529436,48.95301,8.34747
151,1625529489,48.95155,8.34882
152,1625529545,48.95188,8.34852
153,1625529605,48.95236,8.34718
154,1625529665,48.95254,8.34865
155,1625529757,48.95200,8.34793
156,1625529821,48.95178,8.34704
157,1625529877,48.95100,8.34725
158,1625529931,48.95057,8.34746
159,1625529992,48.95113,8.34755
160,1625530039,48.95084,8.34747
161,1625530104,48.95104,8.34765
162,1625530157,48.95063,8.34742
163,1625530231,48.95116,8.34760
164,1625530352,48.95124,8.34738
165,1625530397,48.95103,8.34742
166,1625530432,48.95117,8.34758
167,1625530487,48.95125,8.34760
168,1625530559,48.95139,8.34739
169,1625530601,48.95125,8.34762
170,1625530672,48.95169,8.34738
171,1625530723,48.95092,8.34731
172,1625530769,48.95104,8.34767
173,1625530832,48.95194,8.34695
174,1625530929,48.95130,8.34721
175,1625530969,48.94980,8.34714
176,1625531008,48.94949,8.34709
177,1625531047,48.94867,8.34757
178,1625531086,48.94850,8.34796
179,1625531125,48.94817,8.34739
180,1625531164,48.94869,8.34809
181,1625531205,48.94945,8.34857
182,1625531247,48.95033,8.34944
183,1625531285,48.95074,8.34924
184,1625531324,48.94986,8.34925
185,1625531363,48.94884,8.34852
186,1625531398,48.94818,8.34772
187,1625531437,48.94731,8.34754
188,1625531476,48.94715,8.34640
189,1625531535,48.94805,8.34631
190,1625531588,48.94837,8.34627
191,1625531632,48.94800,8.34607
192,1625531680,48.94712,8.34690
193,1625531732,48.94753,8.34663
194,1625531775,48.94761,8.34623
195,1625531819,48.94768,8.34644
196,1625531870,48.94795,8.34627
197,1625531919,48.94835,8.34647
198,1625531965,48.94775,8.34597
199,1625532014,48.94784,8.34651
200,1625532074,48.94770,8.34641
201,1625532132,48.94806,8.34527
202,1625532170,48.94870,8.34697
203,1625532209,48.94974,8.34703
204,1625532248,48.95019,8.34584
205,1625532287,48.95141,8.34586
206,1625532326,48.95219,8.34735
207,1625532371,48.95324,8.34748
208,1625532410,48.95247,8.34712
209,1625532452,48.95200,8.34840
210,1625532490,48.95206,8.34918
211,1625532531,48.95288,8.34850
212,1625532569,48.95275,8.34781
213,1625532608,48.95273,8.34680
214,1625532650,48.95288,8.34426
215,1625532688,48.95275,8.34351
216,1625532728,48.95327,8.34340
217,1625532768,48.95347,8.34313
218,1625532807,48.95310,8.34376
219,1625532844,48.95291,8.34347
220,1625532883,48.95297,8.34243
221,1625532924,48.95360,8.34008
222,1625532965,48.95368,8.33911
223,1625533007,48.95355,8.33769
224,1625533047,48.95377,8.33723
225,1625533083,48.95280,8.33821
226,1625533118,48.95265,8.33920
227,1625533153,48.95290,8.33772
228,1625533188,48.95296,8.33766
229,1625533229,48.95334,8.33777
230,1625533272,48.95368,8.33712
231,1625533320,48.95353,8.33820
232,1625533374,48.95381,8.33765
233,1625533415,48.95360,8.33687
234,1625533463,48.95326,8.33709
235,1625533505,48.95345,8.33752
236,1625533614,48.95357,8.33792
237,1625533653,48.95367,8.33665
238,1625533699,48.95421,8.33647
239,1625533741,48.95413,8.33642
240,1625533793,48.95506,8.33699
241,1625533842,48.95584,8.33834
***END MEMORY***
V103, ID: 51-1522, 3382mV
SETTINGS:
- Shutdown voltage: 3300 mV
- GPS frequency: 30 sec
- Accuracy mode: 3 (min. HDOP*10: 40)
- Activation delay: 30 sec
- ON time: 20:40 - 5:00 UTC
-------------------
(0) Read memory again
(1) Reset memory
(2) Set shutdown voltage
(3) Set GPS frequency
(4) Set accuracy
(5) Set delay after activation
(6) Set ON/OFF hour
(7) Exit
-------------------


--------

---TICK-TAG---
***START MEMORY***
UVs: 4, TOs: 1/7, ErrorsOrGF: 0, TTFF: 181
Fixes: 75, Avg. time to fix: 38 s, Avg. HDOP (x10): 23

count,timestamp,lat,lon
1,1625520658,48.98375,8.31974
2,1625520729,48.98001,8.32018
3,1625520794,48.97849,8.31855
4,1625520861,48.97856,8.31919
5,1625520925,48.97899,8.31928
6,1625520988,48.97826,8.31872
7,1625521051,48.97657,8.32049
8,1625521116,48.97425,8.32531
9,1625521179,48.97129,8.32948
10,1625521250,48.96752,8.33301
11,1625521317,48.96560,8.33549
12,1625521415,48.96627,8.33523
13,1625522695,48.97830,8.31876
14,1625522777,48.98024,8.31932
15,1625522880,48.98712,8.31912
16,1625523114,48.99005,8.31809
17,1625523256,48.99021,8.31796
18,1625523373,48.99143,8.31687
19,1625523478,48.99022,8.31761
20,1625523601,48.99097,8.31786
21,1625523698,48.99099,8.31770
22,1625523782,48.98968,8.31821
23,1625523872,48.99009,8.31804
24,1625523950,48.98935,8.31936
25,1625524020,48.98517,8.32026
26,1625524085,48.98150,8.31978
27,1625524157,48.97813,8.31869
28,1625524225,48.97816,8.31868
29,1625524315,48.97838,8.31853
30,1625524380,48.97873,8.31832
31,1625524444,48.97813,8.31892
32,1625524509,48.97895,8.31838
33,1625524585,48.97890,8.31868
34,1625524669,48.97832,8.31862
35,1625524766,48.97848,8.31828
36,1625524849,48.97838,8.31870
37,1625524933,48.97846,8.31862
38,1625524999,48.97864,8.31799
39,1625525078,48.97818,8.31874
40,1625525161,48.97841,8.31869
41,1625525233,48.97854,8.31891
42,1625525321,48.97869,8.31919
43,1625525402,48.97806,8.31907
44,1625525473,48.97894,8.32071
45,1625525540,48.97818,8.32265
46,1625525612,48.97528,8.32598
47,1625525683,48.97153,8.32902
48,1625525757,48.96792,8.33258
49,1625525821,48.96635,8.33514
50,1625525894,48.96638,8.33468
51,1625527160,48.96889,8.31882
52,1625527232,48.97166,8.31247
53,1625527303,48.97405,8.30581
54,1625527375,48.97668,8.31006
55,1625527448,48.97775,8.31562
56,1625527552,48.97816,8.31888
57,1625527655,48.97858,8.31812
58,1625527854,48.97855,8.31821
59,1625528184,48.97875,8.31783
60,1625528345,48.97838,8.31847
61,1625528476,48.97865,8.31812
62,1625528682,48.97840,8.31846
63,1625532539,48.97132,8.32969
64,1625532665,48.97842,8.32424
65,1625532755,48.98280,8.32075
66,1625533076,48.98836,8.31843
67,1625533152,48.98799,8.31617
68,1625533223,48.98830,8.31650
69,1625533299,48.98833,8.31758
70,1625533376,48.98725,8.31812
71,1625533456,48.98840,8.31698
72,1625533560,48.98877,8.31486
73,1625533667,48.98601,8.31720
74,1625533733,48.98541,8.31791
75,1625533801,48.98207,8.32077
***END MEMORY***
V103, ID: 30-0C2A, 3412mV
SETTINGS:
- Shutdown voltage: 3300 mV
- GPS frequency: 60 sec
- Accuracy mode: 3 (min. HDOP*10: 40)
- Activation delay: 30 sec
- ON time: 20:40 - 5:00 UTC
-------------------
(0) Read memory again
(1) Reset memory
(2) Set shutdown voltage
(3) Set GPS frequency
(4) Set accuracy
(5) Set delay after activation
(6) Set ON/OFF hour
(7) Exit
-------------------





